0.9999643496386066 7.129945183859121E-5 
0.9996463852347579 7.071044870819998E-4 
0.999286483818799 0.001426523257061052 
0.9989289037876297 0.002141045177644574 
0.9985602568433385 0.0028774134529658824 
0.9981959382996523 0.003604868762076885 
0.9978419187958059 0.004311505093904433 
0.9974779988529772 0.005037641804260029 
0.9971081683996448 0.005775300510705628 
0.9967799339158718 0.006429763342670203 
0.9964285127537541 0.007130218971341695 
0.9960223150593656 0.00793954790378193 
0.9956513137577956 0.008678461412375715 
0.9953343473936037 0.009309536898548965 
0.9949434651976089 0.010087501060574433 
0.9945638873904042 0.010842673898887267 
0.9943365300572269 0.01129486499375354 
0.9938173493784155 0.012327076074460486 
0.9935740537225098 0.012810599769419118 
0.9931865917610068 0.01358039394615529 
0.9927991983707282 0.01434975171443953 
0.9923434219563779 0.015254532899906081 
0.9919787121971861 0.015978234547612158 
0.9916617706044553 0.016606932721636714 
0.9912433256743517 0.017436669306051145 
0.9908583815578387 0.018199667696580546 
0.9904888678028109 0.018931802758705873 
0.9901124727884183 0.019677291228803684 
0.989761983024945 0.020371216958528504 
0.989365581921983 0.02115574530817599 
0.9890268802335048 0.021825830175580485 
0.9887517185079728 0.02237003914753044 
0.9882364022352168 0.023388813297194777 
0.9879362785166417 0.023981909590688577 
0.9874846756543288 0.02487401534786493 
0.9871348150410517 0.025564856933868563 
0.9867803194065652 0.026264601231877238 
0.9864167713308108 0.026981953237298795 
0.9860749772431734 0.02765613925487509 
0.9856068847683087 0.028579068697309862 
0.9852616044508038 0.029259570795027834 
0.984898710132397 0.029974530779540487 
0.9844816020205818 0.03079597528298883 
0.9841335796393316 0.03148109742627547 
0.983752371746466 0.032231271083202895 
0.9833564916844724 0.03301001026200623 
0.9829275914532946 0.03385334995982525 
0.9825824872342452 0.034531655780564274 
0.9821900210472991 0.035302762555106115 
0.9819144594625522 0.035843994298363935 
0.9814246009519251 0.03680575264635466 
0.9810334473444291 0.037573375191505276 
0.9806570887315712 0.038311674320519296 
0.980229180473802 0.03915075374765842 
0.9800332773087156 0.03953477536753813 
0.979653523835536 0.04027897323661678 
0.9792072916192304 0.041153080039731504 
0.9786814610476983 0.042182597801542654 
0.9783280038181166 0.04287431694525923 
0.977920013174307 0.043672447833163264 
0.9775067689897601 0.044480516579199825 
0.9771262643702183 0.045224263477902205 
0.9767591639315396 0.04594153567575976 
0.9763515378748251 0.046737674489463976 
0.9759873508995143 0.04744869088414838 
0.9756965782237358 0.04801618724249346 
0.9751624856833855 0.04905812651580099 
0.9747739087108822 0.04981582689650865 
0.9743690116523412 0.05060502913163967 
0.9741128073194945 0.051104238616133446 
0.973845293920532 0.05162534350883263 
0.9733987299846372 0.052494912464295385 
0.9728719110767016 0.05352024463796645 
0.972473271352003 0.054295736505933556 
0.9722816766230894 0.05466834130299425 
0.9718402970343558 0.055526437060175016 
0.9713159962142915 0.05654523549823842 
0.9708795466322804 0.05739290593109769 
0.97039596483674 0.05833167142857254 
0.9700380012737883 0.05902627608475397 
0.9696096199154711 0.059857184967375576 
0.9693823928986074 0.06029777633817002 
0.9693823928986074 0.06029777633817002 
0.9683777751319086 0.06224448463057464 
0.9682622023701224 0.06246830746136012 
0.9678023494509527 0.06335861239721607 
0.9672260386134729 0.06447379022808863 
0.9668055179965548 0.06528709037141334 
0.966400848744199 0.06606939954649194 
0.9659530762872415 0.0669346544112146 
0.9655735997340797 0.06766762349657118 
0.9653111163013812 0.06817444874498124 
0.9648474417094302 0.06906941422676782 
0.9644379962449176 0.06985935139908839 
0.9644379962449176 0.06985935139908839 
0.9635222622942091 0.07162485006344932 
0.9633133199819711 0.07202744754531254 
0.9627805452186682 0.07305362174844399 
0.9623248574889003 0.07393086865896781 
0.9620476938008913 0.07446423485238651 
0.9614612961718734 0.0755921759635012 
0.9611137784506429 0.07626030487232849 
0.9607567229748034 0.07694651925871687 
0.9602149536769291 0.07798724273521285 
0.9597917849348387 0.0787997295715962 
0.9594297408777321 0.0794945723192878 
0.9589589998395573 0.08039763662671584 
0.9585799239626824 0.08112452937569792 
0.9582833046953816 0.0816931079420985 
0.9579933611403035 0.08224872001110395 
0.9574701467263234 0.08325091812787278 
0.956872982251356 0.08439409583739621 
0.956490229525455 0.08512644082234233 
0.9562156023819105 0.08565172176140001 
0.9556345819045213 0.08676254586817067 
0.9553174813058904 0.08736850991136969 
0.9549754894420274 0.08802181456496028 
0.9543340719426209 0.08924647912941652 
0.9539527930593332 0.08997406861429691 
0.9535296972363455 0.09078111648836329 
0.9531182841928505 0.09156553633727671 
0.9526659648254651 0.09242755946316572 
0.9523321589971926 0.09306345893974588 
0.9518926317234406 0.09390041767062218 
0.9513572291786085 0.0949194224896005 
0.9509371997878826 0.09571844205958069 
0.9505287070662142 0.09649517704303123 
0.9500759707877088 0.09735564973179278 
0.9499934593262913 0.09751242723726605 
0.9493673916787241 0.09870155561713612 
0.948885354967759 0.09961658312770993 
0.9487691162706628 0.09983716401098541 
0.9479474174329071 0.10139569378228175 
0.9475934826500424 0.10206659163916376 
0.9473069251640683 0.10260958953619825 
0.9466157875818411 0.1039185507008108 
0.9463181764225477 0.10448190897230392 
0.9457283640592475 0.10559786141381933 
0.9453800945263554 0.10625647687333928 
0.9450544852477689 0.10687201991307449 
0.9444625495571954 0.10799049248392212 
0.9441305412926264 0.1086175209984922 
0.9436329476678431 0.10955686007569765 
0.9434171569719575 0.10996406793094893 
0.9426989073192521 0.11131877013908809 
0.9422808745151331 0.11210675352299604 
0.9418966993730201 0.11283060771021058 
0.9413722472695054 0.1138182920707611 
0.9409498557106187 0.11461336903816577 
0.9405079164062545 0.11544485917716574 
0.9400562466234308 0.11629425318426745 
0.9396556158939751 0.11704732351891445 
0.9391707983325728 0.11795821155935793 
0.9386969451656456 0.1188480451366849 
0.9384158275046239 0.11937573468881191 
0.9378113898521423 0.12050979706359322 
0.9373836700554443 0.12131185511338594 
0.9369766635455536 0.12207473197104235 
0.9364467125654463 0.12306755452536833 
0.9361419033589663 0.12363833677545177 
0.9355738575759903 0.12470155702038055 
0.9351972356595993 0.12540613041464388 
0.9348466319383797 0.1260617747534677 
0.9342245979331334 0.12722440061667528 
0.9337295950017243 0.128149043417916 
0.9333180355991775 0.12891744442529252 
0.9328639742014591 0.1297648056370595 
0.9324154673155625 0.13060139631070122 
0.9320701659966756 0.1312452056589296 
0.9315285515397995 0.13225455766616312 
0.9311950224626809 0.13287583014072712 
0.9305918585651186 0.1339987927723183 
0.9301831636532109 0.134759282056104 
0.9297209709375315 0.1356189161989737 
0.9293960628899358 0.13622295828468645 
0.9288523069323132 0.13723339190651973 
0.9282837904359024 0.13828920441395365 
0.9279902861561501 0.13883402879982665 
0.9274119002900494 0.13990716720039953 
0.9271489983354715 0.1403947348855319 
0.9265487866560531 0.14150734594619574 
0.9259762296524279 0.14256802211867414 
0.9254922423789828 0.14346410929632225 
0.925112417441942 0.14416701509472618 
0.9245769046180699 0.1451575474468686 
0.9241817612096946 0.1458880722473469 
0.9237412026560904 0.14670219051547972 
0.9234010822837538 0.14733044123719208 
0.9229903870840429 0.1480887453504487 
0.9225408566947204 0.14891836772897138 
0.9218986572046611 0.1501028658442427 
0.9213577964232111 0.15109981097016467 
0.9208322486552613 0.15206796983649506 
0.9204206227695757 0.15282587718046647 
0.9198692888252331 0.15384049147615986 
0.9194500276076709 0.15461164673225314 
0.9191409033870802 0.1551799997207821 
0.9185822566518128 0.15620663776446309 
0.9179784659647701 0.1573155360249675 
0.9175165943933877 0.1581632990127596 
0.9171452048929997 0.15884467314177764 
0.9169420875981771 0.15921720799109695 
0.916047643909986 0.16085671408696334 
0.9158448534519151 0.16122820440564012 
0.9151167836684206 0.16256127224836503 
0.9147485030031832 0.1632351762534353 
0.9141730113644674 0.16428770529282144 
0.9136907113007027 0.16516928408281595 
0.9132237817244382 0.16602232449291565 
0.9127720716364828 0.16684714524044353 
0.9122228404432938 0.16784948937356892 
0.9117757422407472 0.16866499586133454 
0.9112707093884402 0.16958569421068892 
0.9108012504438046 0.17044108219000198 
0.9103089764881459 0.1713375673251042 
0.9097892378907434 0.17228354261818035 
0.9093401636629423 0.17310046674945323 
0.908813360264342 0.17405827620503533 
0.9084330396252177 0.1747494125172876 
0.9078859734971338 0.1757430591271616 
0.9073651355985934 0.17668851070014613 
0.906846231459124 0.1776299124883849 
0.9064299934178683 0.17838466703248312 
0.9058847415493968 0.1793728350279825 
0.9053662141643817 0.18031201824965493 
0.9048728972355422 0.18120503984855585 
0.9044809578947836 0.18191419680573473 
0.9038963243712363 0.18297143478816869 
0.9033928900053031 0.18388128628786637 
0.9029098969397559 0.18475371800823948 
0.9026433099334139 0.18523505503245086 
0.9019102015343473 0.18655798836827298 
0.9016846536360292 0.186964785397274 
0.9009689996451634 0.18825486167839356 
0.9006591041543012 0.1888131781039717 
0.9000413795479885 0.1899255151013538 
0.899573222270604 0.19076801777368246 
0.8989454311076892 0.19189711189061076 
0.8986020967776192 0.1925142716668664 
0.8979517905776961 0.19368258179830933 
0.8973981231716249 0.19467660852804514 
0.8969077288136283 0.1955565259943789 
0.8963859743649966 0.19649218496171572 
0.8959802011934321 0.19721947906937687 
0.895689340671884 0.1977406050067657 
0.8948895651232261 0.19917266623356322 
0.8943231313285818 0.20018613677064034 
0.8938133220778901 0.20109774527608593 
0.8932820371380352 0.20204720212652183 
0.8929707465669602 0.2026032457756458 
0.892412038116177 0.20360075422533108 
0.8918305699756998 0.2046382344568185 
0.8913013014655312 0.2055819900058502 
0.8908230377903584 0.20643431534195766 
0.8902200977318209 0.20750817759434725 
0.8897406159777029 0.2083616362796178 
0.8895040045011906 0.2087826259763459 
0.8887098153653764 0.21019486407323862 
0.8882089476672457 0.21108486528384407 
0.8876436126786793 0.21208881687074277 
0.8871070032954477 0.21304116470417056 
0.8865993189203137 0.21394164769003576 
0.8860806391136452 0.21486110098795408 
0.885613845925566 0.21568811590492776 
0.8850273205768067 0.21672664183263823 
0.8845615691667856 0.2175508303531939 
0.8839209240864916 0.21868379996208276 
0.8834763636406975 0.2194695148882101 
0.8829232555278008 0.22044652484818972 
0.8824936149245851 0.22120501961733807 
0.8820208202274397 0.22203927268531454 
0.8813694867548788 0.2231878278174415 
0.8808194736766515 0.22415705479198667 
0.8803235579111762 0.225030433386608 
0.8798711929437475 0.22582668382774662 
0.8792374011784374 0.22694159236898748 
0.8787442431267268 0.227808555171636 
0.8781283313296065 0.2288906337162807 
0.87770447042856 0.229634862589721 
0.877215344326791 0.23049323967762947 
0.8765474437577361 0.2316645788417785 
0.8760288032376177 0.2325735358980674 
0.8754505148226397 0.23358639609677512 
0.8749201775705201 0.23451468287996957 
0.8743461615469778 0.23551878978806629 
0.8739121192638764 0.2362776078037203 
0.8733626702743954 0.2372376461711777 
0.8727535228332619 0.23830128838213094 
0.8723992791710068 0.2389194977019078 
0.8717423572131535 0.2400652626404547 
0.8711450152458543 0.24110636241230032 
0.8706140181645617 0.2420312313753562 
0.870127166071951 0.24287871486359547 
0.869529102579343 0.2439191397675624 
0.8690617976838797 0.2447315918064633 
0.868518793041998 0.24567510613287113 
0.8678789497336162 0.24678612860927518 
0.8673149282421737 0.2477648152482731 
0.8667612459807895 0.24872494246582932 
0.8661713652394003 0.24974716603931335 
0.8657202423270589 0.2505284620251784 
0.8651006978121807 0.25160078264487806 
0.8645350272742959 0.25257918661583245 
0.8641637634621093 0.25322098991900355 
0.8635104683218315 0.2543496710986112 
0.8629048707082754 0.2553951841079346 
0.8622596148155958 0.2565083566580604 
0.8617867586777685 0.2573235825676655 
0.8613825889831548 0.2580200353966774 
0.8607130698152411 0.2591730114492239 
0.8601585374090791 0.2601272905222739 
0.8595187922795164 0.26122744571836143 
0.8590423169897379 0.2620462976209027 
0.8584618029380154 0.2630433328964119 
0.8578921189818027 0.26402111218891244 
0.8573353710725268 0.26497606150793285 
0.8567275465386817 0.26601791100181105 
0.8561155241700841 0.26706620927498215 
0.8556448290255452 0.26787192656184555 
0.8550327460731248 0.26891900314265116 
0.854422009086295 0.2699630303889393 
0.8540606892880999 0.2705803390127357 
0.85329062884568 0.2718951027241441 
0.8527159546384744 0.27287550070499533 
0.8521783341928795 0.2737920867322491 
0.85160323856779 0.2747719240608518 
0.8510418364258969 0.27572779265283687 
0.8504226774815508 0.2767812696251103 
0.8498626682201463 0.2777334451657335 
0.8492873017755167 0.2787110790428624 
0.8488645495628653 0.27942897649543386 
0.8481309231888077 0.28067393713090083 
0.8475591266446614 0.28164352684133886 
0.8470732311129333 0.2824669411318951 
0.8464886698698905 0.28345693178190356 
0.8458585834243342 0.28452325684737867 
0.8452419742422865 0.28556600497900186 
0.8446612133075428 0.2865474347338296 
0.8441473720430295 0.2874152142728472 
0.843471479025923 0.2885558640698219 
0.8429137281514019 0.28949644689390464 
0.8422612239947286 0.2905960305549017 
0.8417255754132917 0.29149805569516296 
0.8411295175844784 0.2925011346481027 
0.8405633016565088 0.2934533359083089 
0.8399474290283335 0.29448831646869267 
0.8393402617987196 0.29550792492365685 
0.838744167617102 0.2965082212882947 
0.83812870875351 0.2975402675631741 
0.8375534941435411 0.29850414444794526 
0.8369811200257542 0.29946260472043407 
0.8364174141563845 0.30040590929594724 
0.8359179702134787 0.3012411470741777 
0.8352211768590367 0.3024055857262057 
0.8349744467859628 0.3028176732144754 
0.8340387922914934 0.3043792929529472 
0.833373442917654 0.30548870463957567 
0.8327521160349975 0.306523913239234 
0.8321763873582275 0.3074824603234093 
0.831713819497707 0.30825212245653577 
0.8309668020347121 0.3094941739162036 
0.830360943077262 0.31050070421183995 
0.8297157396950056 0.3115717913023698 
0.8291855681305056 0.31245129360409063 
0.8285941203077534 0.31343178379142034 
0.8281112287828557 0.3142317927637488 
0.8273250291910041 0.3155332960741042 
0.8268721606378053 0.3162824299621675 
0.8261412087753879 0.317490703163141 
0.8255370931649342 0.3184885078087908 
0.8249353905728343 0.31948160138044535 
0.8243035632472242 0.3205236356179294 
0.8236607346094094 0.3215829942626881 
0.8230438917650659 0.32259875222821455 
0.8224535137731845 0.3235702176821421 
0.8218383490552609 0.32458172802212315 
0.8212136161209682 0.32560819669752306 
0.820628246806496 0.3265692805432966 
0.8199509495873365 0.3276804402708252 
0.8193505253069209 0.3286647166792728 
0.8187413657334655 0.32966257603689975 
0.8180965276273361 0.33071807148409527 
0.8174749794340282 0.3317346579993351 
0.8168324725368139 0.3327847118093952 
0.8162508788281386 0.33373450281229133 
0.8156178062850432 0.3347675940707737 
0.8150398342126924 0.33571006864654684 
0.8143495705731892 0.33683477690726227 
0.8137377371772672 0.33783089509362085 
0.813090279962124 0.3388841966311148 
0.8124420414791884 0.33993792923712873 
0.8119016468022271 0.34081571591983173 
0.8112026381100645 0.34195027992327165 
0.810556195771727 0.34299865349606573 
0.8099176874205226 0.34403333960339266 
0.8092924039439024 0.3450458049186994 
0.8086932715789421 0.34601519250294743 
0.8080108712348202 0.34711843196634684 
0.807373366485682 0.3481482470895766 
0.8067207641842444 0.34920160863398864 
0.8061784857186013 0.350076249164463 
0.8053970860960438 0.35133553370800186 
0.8048366570333758 0.3522379554953402 
0.8041888398352397 0.35328030988445114 
0.8035261851408922 0.3543456697929246 
0.8029471790612663 0.3552758276375547 
0.8021883857556187 0.35649379375879475 
0.8015922922140594 0.35744979706301006 
0.8009978666561943 0.3584024176122256 
0.8003207463539344 0.35948670295548146 
0.7997769270034029 0.36035686703299363 
0.7990066860945526 0.3615883155762011 
0.7983088809248137 0.36270293063657166 
0.7977489661533602 0.363596587001245 
0.7970524034369613 0.36470746617536354 
0.7964006309731557 0.36574603498555947 
0.7957065617222848 0.36685106763209974 
0.7950702164555374 0.36786335090534483 
0.7944093881585155 0.36891372400561306 
0.7938129916096706 0.3698609343517051 
0.7931015924690674 0.37098986402302936 
0.7924391745429279 0.37204015464972306 
0.7917544663241953 0.37312486505568865 
0.7911281694654242 0.3741162194782871 
0.7904732427294503 0.3751520525287876 
0.7897873889128086 0.3762358803142879 
0.7891489879115051 0.3772438748782472 
0.7884398813142983 0.3783625535530952 
0.7877920442538767 0.3793836950102979 
0.7871255008901742 0.38043344584839234 
0.7864761268571672 0.3814553018837491 
0.7858179601345204 0.38249013353002126 
0.7851243400238263 0.3835797707021512 
0.7843827099763591 0.384743764290143 
0.7838359239698145 0.38560124429438714 
0.7831101717951747 0.38673845883093194 
0.7824562442529521 0.38776222582956454 
0.7818254216440885 0.38874901007104323 
0.7811157366352837 0.3898582059807182 
0.7804159212827095 0.39095098980845977 
0.7797398494198718 0.39200576722667557 
0.7790490585455201 0.39308256437933886 
0.7783778619992179 0.39412790394952657 
0.7777840879012727 0.3950519126075852 
0.7769690259501474 0.39631913271407915 
0.7763433115702906 0.39729106258007474 
0.7756426960633735 0.3983784080435411 
0.774974648281754 0.39941429452057164 
0.7742506084990038 0.40053599523892225 
0.7735622617640439 0.40160142717449687 
0.7728791467253923 0.4026578245570296 
0.7721774055338773 0.40374205438297006 
0.7715209754343753 0.4047553844647901 
0.7708727615125142 0.40575518555807044 
0.7702002190534254 0.4067916225700555 
0.7695212302990877 0.40783707611897846 
0.7687262787630138 0.40905990833916916 
0.7679979819236767 0.41017909976115985 
0.7672751295596034 0.41128887555929383 
0.7666546964782475 0.4122405763678463 
0.7659573425525416 0.41330934938984853 
0.7652710093641867 0.41436028222671895 
0.7645717475781656 0.41543004280526985 
0.7638686330512111 0.4165047114404742 
0.7631625957602599 0.41758285243246207 
0.7624437978481695 0.41867945512285965 
0.7617533639725169 0.4197318124765541 
0.7610663088078689 0.4207780735975656 
0.760343175618819 0.42187825528988976 
0.7597422344756877 0.4227917371538892 
0.7588828461441763 0.42409682582811437 
0.7582577524028089 0.4250451809210406 
0.7576944658524246 0.42589909641660895 
0.756843280021705 0.4271882494859871 
0.7560743946316546 0.428351509782377 
0.7553790472074591 0.4294024950399513 
0.7546817017000591 0.430455529119103 
0.7539153385348281 0.4316116623219156 
0.7533005853001749 0.43253822818641396 
0.7524840997543365 0.43376767961690577 
0.751833308756083 0.43474667584488036 
0.7511202471836869 0.4358183742707171 
0.7503264979996789 0.43701014639953795 
0.7496335168358905 0.4380495904362547 
0.7489840480379777 0.4390228957846444 
0.7481794288467468 0.4402275422505557 
0.74746654657874 0.44129376174565227 
0.7467482910374741 0.4423669898326119 
0.7460189142156416 0.44345577963251515 
0.7453153493779888 0.4445050299815665 
0.7445308768732541 0.44567377338234326 
0.7437730391754971 0.44680166619564443 
0.7430796799161197 0.4478325892957571 
0.742379204581159 0.4488731166054456 
0.7416587767204499 0.4499422589135259 
0.7409594868283582 0.450979038879056 
0.7401802115644074 0.4521332544084691 
0.7394368082983662 0.45323320653352517 
0.7387412033016757 0.4542614345443923 
0.7379561331407933 0.45542074555988765 
0.7372397900382448 0.4564774919843647 
0.7365415584451117 0.45750653268324604 
0.735801469605769 0.45859619732599066 
0.7350077946668001 0.459763541779047 
0.734416462632709 0.4606324594140587 
0.7335453574904038 0.4619112085042756 
0.7328069702106232 0.4629939444107267 
0.7321096747082021 0.4640154241986505 
0.7313297934422298 0.4651567332237455 
0.7305391351858066 0.46631257196197384 
0.7298106982060246 0.4673763447840349 
0.7291173208442545 0.4683879324448964 
0.7283421070559388 0.46951777508931536 
0.7275828494170942 0.47062319723410206 
0.726762642803522 0.4718160610252403 
0.7260694910715719 0.4728230941350685 
0.7252970671133965 0.4739441644367053 
0.7245314362791012 0.4750541978433427 
0.7238954535310842 0.4759753723570259 
0.7229949590535136 0.47727828918320814 
0.7223179601201373 0.4782567644878838 
0.7215226898407694 0.4794050080449409 
0.7207480772468153 0.48052220914501875 
0.7199874540562676 0.48161806600157386 
0.7192899960267498 0.4826219016158383 
0.7184907772787101 0.48377100296543496 
0.7177071193501405 0.4848964908341231 
0.7169850714334931 0.4859324073415088 
0.7162319430235689 0.4870118037926833 
0.7154374453361215 0.4881492618109241 
0.7145914603123328 0.48935904484868775 
0.7139068766641261 0.4903369714516722 
0.7130362019725528 0.4915793746765569 
0.7124136146317956 0.4924668416872594 
0.7115737628533831 0.49366278001867725 
0.7107521151406062 0.4948314308231545 
0.7100477559345423 0.4958321842923207 
0.7092229409737056 0.49700281999660767 
0.7084751961405774 0.4980628964535704 
0.7076982732149784 0.49916315408853784 
0.7070675631730832 0.500055461108478 
0.7061390725786905 0.5013676101777069 
0.7053569352407081 0.5024715939078355 
0.7045446089998775 0.5036168939292098 
0.7038115299973471 0.5046493302427935 
0.7030052013927414 0.5057836868147512 
0.7022566791026148 0.5068355566557672 
0.701493355387192 0.5079070723476187 
0.7006079058441386 0.5091485622686907 
0.6999516520669122 0.5100676847688003 
0.6991371627178926 0.511207227706775 
0.6982163452065455 0.5124939352864141 
0.6975228611592603 0.5134618581601993 
0.696706154404915 0.5146005344143147 
0.6959230630827884 0.5156910902694694 
0.695124479740604 0.5168019576653546 
0.6943348982970601 0.5178990490068112 
0.6935374237946712 0.5190058417962506 
0.6927423827856022 0.5201079910925261 
0.6919144079545061 0.5212544520649653 
0.6911591740745764 0.5222989960925495 
0.6904339149259706 0.5233010091199976 
0.6895645722289948 0.5245007007266433 
0.6887336504988562 0.5256459586705194 
0.6879827120625881 0.5266797879030061 
0.6871293784242096 0.5278532173063593 
0.6864243929082079 0.5288215528205982 
0.6856063520917963 0.5299439299713797 
0.6847974908245873 0.5310523965603493 
0.6838782265756089 0.5323105712158 
0.6831104944417938 0.5333600523834879 
0.6822846412128496 0.5344876683650531 
0.6815709845943997 0.5354609929590206 
0.6806245586205875 0.5367502102025306 
0.6799651771350095 0.5376473578837552 
0.6791360038881499 0.5387742882228348 
0.6782353661900493 0.5399967880490497 
0.6774234207282115 0.5410975090488885 
0.6765989849127463 0.5422138136150414 
0.6757420400544482 0.5433726953030527 
0.6749897457379337 0.5443888431486397 
0.6742714391574727 0.5453580263365106 
0.6733117562288412 0.5466512789240335 
0.6725178482997092 0.5477197437183294 
0.6717388978714045 0.5487668530865109 
0.6709498184223361 0.5498263411590342 
0.6701364701291073 0.5509171114029001 
0.6690775064087888 0.5523352904177972 
0.6684221157870893 0.553211875126711 
0.667599663206481 0.5543106896865931 
0.6667960447796824 0.5553830346661719 
0.6659291349737597 0.5565383871931001 
0.6650530310177829 0.5577044659340599 
0.6644216038388308 0.5585439323522359 
0.6634777794114897 0.5597972362271987 
0.6627395741640036 0.5607762568369151 
0.661726167409259 0.5621184793658534 
0.6609449370229824 0.5631517902236858 
0.6601014888085954 0.5642660244726758 
0.6592641118184661 0.565370830868209 
0.6584164709418592 0.5664877507924679 
0.6576487327710202 0.5674981442846713 
0.6567297567366055 0.568706026616679 
0.6559100062666989 0.569782063679219 
0.6549879021625044 0.5709908480207616 
0.653939344338084 0.5723633339266768 
0.653417982142517 0.5730449406128013 
0.6525222052678448 0.5742147716323887 
0.6516655266036995 0.575332041436323 
0.6508512188408526 0.5763926909333765 
0.649969008845477 0.5775402875404282 
0.6491514044905096 0.5786024540479988 
0.6483519374285135 0.579639765232693 
0.6473959615007522 0.5808784690325166 
0.6465741501007125 0.5819418684215413 
0.6456892479670022 0.5830853950598072 
0.6449073177654481 0.5840945514925754 
0.6440421782178621 0.5852096726763916 
0.6431436639510892 0.5863662275195685 
0.6423424395523027 0.5873961903499962 
0.6414758191850464 0.5885087734008737 
0.6405276323492245 0.5897243521970967 
0.6397787176395383 0.5906831924555079 
0.6389092348909189 0.5917949895711007 
0.6379962950738551 0.5929607274720343 
0.6371978213821405 0.5939789364258536 
0.6363104119116648 0.5951090596928075 
0.6354525412805199 0.5962000677801291 
0.6346245976236919 0.5972516200909671 
0.6337638685199747 0.5983433589585962 
0.6328091515543595 0.5995525777090518 
0.6320160782254625 0.6005556768645062 
0.6310966792050097 0.6017169814964092 
0.6300906764009346 0.6029857395126127 
0.6296897587812222 0.6034908076860461 
0.6284379810664965 0.6050657039530658 
0.6276045246381805 0.6061125606536835 
0.6268919578085093 0.6070064732350142 
0.6258932641488119 0.6082576218931457 
0.625022606247692 0.6093467416793426 
0.6240233521880417 0.6105948559239993 
0.6231714363251646 0.6116573609484313 
0.6222437748806866 0.6128126846222335 
0.6215320852201136 0.6136978670419375 
0.6206113847601114 0.614841509106137 
0.6197682736876869 0.6158872869301844 
0.6187848938249684 0.6171052551740226 
0.6179913103041568 0.6180867403885515 
0.6171427368061593 0.6191348424074037 
0.6161757099779095 0.6203274944332191 
0.6153069352800211 0.6213973753963079 
0.61444956706654 0.6224517295317415 
0.613569774157593 0.6235321322402003 
0.6125913001020146 0.6247318990393236 
0.6118638635838664 0.6256226124402238 
0.6109183368511962 0.6267787856989684 
0.6100077003164611 0.6278906055546225 
0.6091294351900484 0.6289613311850526 
0.608213992413543 0.6300757394323786 
0.6073646683725991 0.6311081596126428 
0.6064262389122717 0.6322472167587164 
0.6055415187431208 0.6333194690782746 
0.604663821974321 0.6343816623954066 
0.6037859547202025 0.6354425208826135 
0.6028573350182755 0.6365630336146627 
0.6020549717109358 0.6375298110381442 
0.601073183575998 0.6387110279858146 
0.6001810248682349 0.6397827373881152 
0.5993017924084516 0.6408373616160172 
0.5983817910173328 0.641939232178889 
0.59754177750944 0.6429438241308589 
0.5965645893136422 0.6441106907770454 
0.5956761131157514 0.6451699682633105 
0.5947637689467412 0.6462560591482674 
0.5938689501601404 0.6473196700356927 
0.5930011727276341 0.6483496091436507 
0.5920621034114084 0.6494624657040587 
0.5911634400155344 0.6505257871889996 
0.5902563980982111 0.6515973845041262 
0.5892608612025324 0.6527716374548498 
0.5884106812829633 0.653772870152119 
0.5874870866269801 0.6548589230465431 
0.58657169599752 0.655933645454593 
0.5856944558703956 0.6569620043626812 
0.584780579879817 0.658031673395425 
0.583880362610554 0.659083722157768 
0.5829630647372326 0.6601540651521731 
0.5819306989808117 0.6613566615837039 
0.5810863653325855 0.6623386360245649 
0.5801928719225362 0.6633762313702796 
0.5793063291528047 0.6644041770035023 
0.5783131561422756 0.66555389343276 
0.5774135908175129 0.6665935451392258 
0.5764985811767691 0.6676493859011722 
0.5756074851185025 0.668676023075553 
0.5747100457491114 0.6697083633150542 
0.5737564824296516 0.6708034988699529 
0.5727680015922442 0.671936816352027 
0.5718134727855722 0.6730293523409037 
0.5708803698313871 0.6740956033411787 
0.5700740447944275 0.6750155834517211 
0.5691470804752461 0.6760716007865037 
0.568152202227294 0.677203075104276 
0.5672740696834516 0.6782001298647744 
0.5663074502406205 0.6792958718019673 
0.5654334308717633 0.6802850352525869 
0.5644566134969167 0.6813887314795924 
0.5636165541895839 0.6823363798434599 
0.5625071227059726 0.683585736905048 
0.5617125009730777 0.6844790662505702 
0.5607346485727314 0.6855766538900154 
0.5598508127314928 0.6865670674838869 
0.5588710093804254 0.6876631948741044 
0.5579664917660552 0.6886733940662807 
0.5569977770308883 0.689753476382649 
0.5561167174646902 0.690734196556298 
0.5551576216809418 0.6918000150895602 
0.55420761797968 0.6928539161732891 
0.5532978440372389 0.6938614957837432 
0.5523254000698574 0.6949366524376719 
0.5513508055000209 0.6960122892744781 
0.5504837216762483 0.6969676721694669 
0.549561449808494 0.6979822128843862 
0.5485894927805932 0.6990495684107314 
0.5475260352811953 0.7002152406892553 
0.5467240738769765 0.7010927870433623 
0.5456652430866139 0.7022494424872265 
0.5447850099554972 0.7032092929277889 
0.5438420775197333 0.7042357947190203 
0.5429255253944982 0.705231873875108 
0.5418840866308288 0.7063616366562724 
0.5410548087852538 0.7072596938903524 
0.5400882709099752 0.7083046596254732 
0.5391351836379539 0.7093332537636697 
0.5382065100480695 0.7103337525418773 
0.5371793214548064 0.7114383766013538 
0.5363053488954812 0.7123765727460962 
0.5352746031702262 0.7134810992009568 
0.5343736560063508 0.7144447957664063 
0.5333962940226415 0.7154883935229117 
0.5324918010902826 0.7164524817716269 
0.5315354459792011 0.7174700696676918 
0.5305895054348249 0.718474776722428 
0.5295114063541932 0.7196176705408044 
0.5286579624392946 0.7205207587495334 
0.5277406056361156 0.721489853162826 
0.5267121659751253 0.722574294213792 
0.5258117372078572 0.7235220170144553 
0.5249388544164085 0.7244391991239887 
0.5238609182095258 0.7255697383726725 
0.5229263309613237 0.7265480523873282 
0.5219168164031145 0.7276028367556377 
0.5210176874900636 0.7285405693225064 
0.5200126151772854 0.7295868800564805 
0.5191082287827526 0.7305266468100333 
0.5181042472438531 0.7315679889878803 
0.5171776243659506 0.7325273048551917 
0.5162219147170095 0.7335149347659046 
0.5152744083599734 0.7344922840892794 
0.5143018659814582 0.7354935906479902 
0.5132991123462559 0.7365240212645457 
0.512386243347493 0.7374603376282436 
0.5114479510366332 0.7384209933804297 
0.510368642798289 0.7395238484482325 
0.5094771476807809 0.7404330359910558 
0.5084652014014021 0.7414631389638316 
0.5075318662759418 0.7424114047144594 
0.5065994631522577 0.7433569839338443 
0.505584818839045 0.74438399095949 
0.5046807344673032 0.7452973562575433 
0.5036624309880011 0.746324155611257 
0.5026719533666456 0.7473209072985609 
0.5017054800820913 0.7482916112555984 
0.5007790995255187 0.7492202934784107 
0.4998272438598125 0.7501727262955036 
0.4987823055643855 0.7512162116558759 
0.4978951237301128 0.7521004457657756 
0.49690250613028186 0.7530878994014452 
0.49590106209222784 0.7540821366158004 
0.4949696141980028 0.7550050810206803 
0.49397707973600546 0.7559866446954882 
0.4929357314089864 0.7570143647002876 
0.4921008348928554 0.7578367682977547 
0.4910527280221355 0.7588672183020186 
0.4901171512743502 0.7597851780267157 
0.48913410644974775 0.7607478259076068 
0.48813953597927184 0.7617197934139411 
0.48718363767777384 0.7626521031790516 
0.4861569480205912 0.7636514218913042 
0.4851439926293555 0.7646353064156479 
0.4842672048911796 0.7654852742668843 
0.48327593302727456 0.7664443725566172 
0.48217178680219075 0.7675103680119827 
0.4812105133932826 0.7684364417997734 
0.48035068823439153 0.7692632163127464 
0.47929876404055327 0.770272694789198 
0.4783662989136427 0.7711656840636635 
0.4774072688212795 0.7720822996766066 
0.47638750199620294 0.7730549479418177 
0.47546360718966885 0.7739343582381883 
0.47439981242991924 0.7749448179664574 
0.47352387863051526 0.775775136366713 
0.47251457339420955 0.7767299779300881 
0.47150665510151923 0.777681474194977 
0.47054704393919333 0.7785854794400868 
0.4695646914100786 0.7795090005809576 
0.4686267558993019 0.7803889636552961 
0.4675902691666285 0.78135934018068 
0.46663707559328316 0.7822498396817485 
0.46566651298757367 0.7831546986819939 
0.46465743055698727 0.7840934722281785 
0.4636956215997474 0.7849863705092238 
0.4627143751898014 0.7858954069927117 
0.46173759419033267 0.7867983941113237 
0.46066882832202605 0.7877842306124117 
0.45978748042983686 0.7885954728399824 
0.4587927345825349 0.7895092266942797 
0.4577482431360833 0.7904665459058291 
0.45674213292278776 0.7913866240131424 
0.4558346578874083 0.7922147646686695 
0.4548734928913135 0.7930901054648561 
0.4538969616598828 0.7939775481959269 
0.452827911825159 0.794946882272066 
0.4518858646681815 0.79579916531309 
0.45089607377944285 0.7966927306502832 
0.44896865204215564 0.7984271494834498 
0.44789080847775786 0.7993938236811404 
0.44698831732582645 0.8002014441742262 
0.4460240072736038 0.8010625849355962 
0.444998545544819 0.8019762944629957 
0.4440125151680083 0.8028528863741792 
0.443040084965579 0.8037154831136926 
0.44200737117014177 0.8046294838312605 
0.4409927251447242 0.8055254163694298 
0.43998417947016866 0.8064139218159624 
0.43899780822133405 0.8072809243768648 
0.43813716063096697 0.8080358284742343 
0.43712928305882925 0.8089179898924739 
0.4361008311757547 0.8098160650478159 
0.4351432269891098 0.810650372005504 
0.43418737713540156 0.8114813215362806 
0.4331132086926426 0.8124129484559635 
0.4322023437597784 0.8132011340485543 
0.43123314743626406 0.8140379725522133 
0.4300909412165821 0.8150217822834345 
0.4292737377510556 0.8157240580772379 
0.4281414843844532 0.816694869349077 
0.4272800152573293 0.8174317885616964 
0.4263212383663513 0.8182502017177807 
0.4253166172797146 0.8191057750657408 
0.42431460949574507 0.8199571121684733 
0.4233174075543189 0.8208023724614907 
0.42232918466516867 0.8216380597800539 
0.4214142954027722 0.822409991630185 
0.42035192865708537 0.8233042560742686 
0.4192814460144608 0.8242030690280228 
0.4182461509876717 0.8250701571839978 
0.4174113836954453 0.8257677367614538 
0.4164341653271214 0.8265825859483037 
0.41534052069340044 0.827492251870135 
0.4144310909104303 0.8282468708867907 
0.4134245906707332 0.8290801078287366 
0.4125108817979459 0.8298347723982811 
0.4115157569269974 0.8306547818008004 
0.41041572436061524 0.8315589331975515 
0.4095543049880449 0.8322652712657594 
0.4085305233658738 0.8331028114784053 
0.407536675977038 0.8339138577335867 
0.40654560288249986 0.8347206727769048 
0.4055378830745121 0.8355390253914433 
0.40458323566032395 0.8363124054226228 
0.40359062055634554 0.8371146109989439 
0.4026650261465934 0.8378608767183633 
0.40164091548194303 0.8386845750108267 
0.4006817767231583 0.8394541138019731 
0.3996780676273294 0.840257442257684 
0.39871002365975416 0.8410303170332383 
0.3976954639612952 0.8418383179446102 
0.3966436711936283 0.8426737981020409 
0.3956213158060815 0.8434837744798647 
0.3946260496230003 0.8442702809589453 
0.3938135293896051 0.8449109040697026 
0.3927427810719818 0.8457531079158453 
0.39184022734752166 0.8464612362322426 
0.39084069063057314 0.8472435545474166 
0.3898400904623238 0.8480247038683272 
0.38887247353627685 0.8487781993257777 
0.38788181181847936 0.8495477000604138 
0.3868828990759724 0.8503216224025709 
0.3858920998487091 0.8510872872743539 
0.38470596453060457 0.8520013208545772 
0.3839388582690637 0.8525909531110478 
0.38298057510042405 0.8533258790957484 
0.38203757827247364 0.8540472887877035 
0.381029998359413 0.8548161403502257 
0.3799679077596422 0.8556243890727601 
0.3790894158878332 0.8562912147618215 
0.37798583191056667 0.8571267108748768 
0.37694915271856044 0.8579093362647594 
0.37602273208312864 0.8586069049567396 
0.3751601829281622 0.8592548371453079 
0.3740490219244159 0.8600873291973878 
0.37322303833595605 0.8607045636552775 
0.372187308442544 0.8614766074342946 
0.37120373835974363 0.8622077846277509 
0.3702798271831357 0.8628928495812271 
0.3693105676655595 0.8636097046105422 
0.3683131695646238 0.8643454091252607 
0.3673737580521744 0.8650365218946224 
0.36639412187014664 0.8657553474590041 
0.36539419886108415 0.8664870794386665 
0.36440283688947317 0.867210572466904 
0.3633958768728488 0.8679434366718133 
0.3625046739627332 0.8685903613551724 
0.36148980122140084 0.8693251236129121 
0.36055506730341114 0.8700000434418327 
0.359489256873719 0.8707674741923812 
0.35854544515443987 0.8714451637590046 
0.35751632811402023 0.8721820751318683 
0.35655914754947615 0.8728655742987909 
0.3556655487107304 0.873502017460295 
0.35461047380709976 0.8742514118663043 
0.35368407378442046 0.8749075759512566 
0.35274180623781226 0.8755732181320857 
0.35182301246889447 0.8762205678973122 
0.35079135016806196 0.8769454286472681 
0.34985036588721674 0.8776047214885806 
0.3489197999493686 0.8782549732032926 
0.34792387580524664 0.8789489766446553 
0.34691066068446164 0.8796529935034704 
0.345980628061791 0.8802974050059686 
0.3449986133119459 0.8809759568128344 
0.34402620133985085 0.8816459727916724 
0.34303090181872553 0.8823298003974319 
0.34204527546982344 0.8830050295287726 
0.34106073498573664 0.8836775750509891 
0.3402211053093952 0.8842495995020534 
0.33925285488571644 0.884907500451891 
0.33827326510648525 0.8855711981141976 
0.3373137351865906 0.8862194440544706 
0.3363802391449441 0.8868483347127902 
0.3353811295878054 0.8875194979164077 
0.3344538356199612 0.888140631839096 
0.3334508468701105 0.8888105327216062 
0.3324803802306866 0.889456796761658 
0.3314049519090059 0.8901707578501895 
0.33059848057195307 0.890704644643516 
0.32954154027825466 0.8914023732310354 
0.32804342473664727 0.8923875114870516 
0.3275965755070023 0.892680483716085 
0.3267769301206246 0.8932168379409404 
0.32577687428440827 0.8938694281814809 
0.3247455983613209 0.8945402963449477 
0.3238975980626422 0.8950903459692511 
0.3225463814184285 0.8959638318338776 
0.32184756250507784 0.89641414650954 
0.3210623249265723 0.8969189835127441 
0.32007748679270565 0.8975504024484653 
0.3189806345131734 0.8982513548055733 
0.3180330389004352 0.8988549861677543 
0.31724553724839166 0.8993552690959793 
0.3161276125934994 0.9000633325559344 
0.3153028132749881 0.9005841359408779 
0.31409977985220194 0.9013413282967982 
0.31330695916478835 0.9018387493389136 
0.31247841826127276 0.902357238120933 
0.31153814301614147 0.9029439854460541 
0.31062431548294367 0.9035125346307527 
0.30968152345417377 0.904097354031102 
0.3086029673985614 0.9047642085128025 
0.3077529209335571 0.9052881396568637 
0.306826862645719 0.905857276358985 
0.30582538092897615 0.9064708363796466 
0.30496932655735987 0.9069937098591504 
0.30391642025941235 0.9076348094967043 
0.302942369571515 0.9082259207183956 
0.30211005717143646 0.9087295133558714 
0.30112758607757173 0.9093221769030946 
0.3002625360562994 0.9098424094410396 
0.2992528322759004 0.9104477423748518 
0.2983812897708644 0.9109686059146754 
0.2972043318409886 0.9116695851349516 
0.29649937534594106 0.9120881204194667 
0.29557896063525135 0.9126330780297846 
0.2944784300075405 0.9132824542602941 
0.29335859517247576 0.9139407346384315 
0.29275459169902507 0.9142947490391371 
0.29184439399003326 0.9148268496965902 
0.2909027263795867 0.9153756037849233 
0.29000920126883756 0.9158946631794109 
0.2890499249228442 0.9164501409020981 
0.2881548910977846 0.9169667587364239 
0.28722314928181036 0.9175028625166388 
0.28618038121449973 0.9181007894079236 
0.28524860013463427 0.9186332361212315 
0.28446336636917946 0.919080593193914 
0.28337825862583965 0.9196967625381868 
0.28260684091401445 0.9201333734686009 
0.281684488979964 0.9206538486680965 
0.28086482496887233 0.9211149500952047 
