0.3686378144621036 1.665842885829139E-4 -8.057071180572726E-4 1.0504128527503764E-4 -5.067683536634167E-4 2.386720805784277E-4 1.1932167397167809E-4 -1.7786077474215374E-4 7.292999331932971E-4 -5.516911938629176E-4 
0.29651035724349084 -5.770024620601503E-5 -8.060093225324097E-4 2.3681168224819657E-4 1.1303950185890689E-4 9.57517237557553E-5 -2.6238116194716136E-4 1.0413926945866285E-4 8.769430912906721E-5 -2.491064711200541E-4 
0.9589184512865344 1.5363899594499232E-4 -7.904602656045297E-4 5.9396316920363784E-5 -2.799317144907957E-4 7.325145495427898E-5 -2.4954047238120905E-5 2.3035319631186182E-4 6.176423376240782E-4 8.327236103172214E-5 
0.9927591888001464 -1.1637483881258135E-4 -8.083965375630804E-4 -1.5490486623440125E-4 2.92470519690985E-5 1.265982043506414E-4 -7.656297532787445E-4 2.3140255186879737E-5 6.184309253146733E-4 -4.0549508153518384E-4 
0.8544554812020272 -6.5554996201655E-5 5.289778846989167E-4 2.7176689187209397E-4 1.7522814702614902E-4 -3.3997784991935895E-5 -3.6086790122847635E-5 3.7273608346061182E-6 7.551502560936494E-4 5.330723487815658E-5 
8.72158088102864E-5 -5.639635146936832E-5 4.786624600815338E-4 8.543405705181144E-5 2.492623279331628E-4 7.618851093346235E-5 -6.566641880413997E-4 -3.117262132598012E-4 7.127197212089383E-4 -2.457527616582638E-4 
0.2005875066663614 -5.3109157875047056E-5 -9.289403447165998E-4 -1.8099974802499472E-4 -4.7263723268441306E-4 1.5613848498907017E-4 -7.469618381774408E-4 5.516727393067172E-6 2.926577422839965E-5 -3.4532504967998317E-4 
0.18332769550158037 -1.7345464014807037E-5 -8.135917572447986E-4 -1.4834381710987496E-4 -2.060850922840371E-4 2.3685058335245405E-4 7.340167795634445E-5 2.1731536838245132E-4 -1.5379292977610862E-6 4.196551892708816E-5 
0.7817365353373127 -7.072809225282656E-5 -8.083537779105406E-4 8.743852908793255E-5 -2.445076711665471E-4 6.9935337669348E-5 -6.614069497376364E-4 9.54742940692677E-5 -1.723035725052524E-5 -2.431715335707825E-4 
0.4962446455630591 1.9725455358138001E-4 5.43038686021948E-4 2.396340423896891E-4 1.0095208200153075E-4 2.3900523895555053E-4 -6.954956696782382E-4 -3.3467833174876435E-4 6.426111644427059E-4 -5.248220352064026E-4 
0.5947753393582342 -5.830625022504441E-5 -0.0010919038084896886 3.363139657822988E-5 1.3613465456308973E-5 6.888055546429269E-5 -5.820453789424269E-4 1.3799071941666014E-4 1.2572671003853142E-5 -2.7343458631075567E-4 
0.10095044904202838 -9.656799667156319E-5 -8.349394286756127E-4 7.324960269096801E-6 3.956648411248636E-5 1.0087858436062981E-4 -2.6547239272312105E-4 7.774427685657966E-5 -2.254128958410628E-4 -5.100941333236466E-4 
0.9446231752218797 2.449268255844059E-4 -9.044593541886666E-4 5.524685672260686E-6 7.10756052352772E-5 7.196738458957038E-5 -6.992212942688187E-4 2.221799008009717E-4 -1.4191660521012763E-5 2.1784708911220837E-5 
0.07535839171220764 -1.0143981012440136E-4 4.4170682991326896E-4 -1.0620933552841688E-4 1.0225944550643934E-4 7.771655579682307E-5 2.5275730841764068E-5 -3.1858883865322783E-4 -1.027478262112652E-4 -5.035686725212E-4 
0.5368972337642777 2.468327429575326E-6 -0.001087489438989375 -1.0784324317667027E-5 -2.877459740997652E-4 1.611069821343594E-4 1.937218968846741E-5 1.0353421954324612E-4 3.5060018898241404E-5 4.114696126923249E-5 
0.9292562026638598 -1.0382299759627227E-4 -8.177008645517279E-4 2.609424500832261E-5 -4.6872576387727466E-4 7.41082675549538E-5 -6.117036297559547E-4 2.1964365670070564E-4 -9.218271437899294E-5 7.835049897016299E-5 
0.8234267876801327 -1.0819963814841014E-4 -8.035149667055254E-4 6.940045844107477E-5 8.465693295558866E-5 4.4767827240891326E-4 -7.004461519755315E-4 4.8198552454819604E-5 -1.5707415122481424E-4 2.1784708911220837E-5 
0.011613800720919665 -1.2586368257845972E-4 -0.001042824657151348 3.4893146157854834E-5 8.513397672978582E-5 1.3835044986488233E-4 -1.0312929744331383E-4 8.649830159871686E-5 1.0542505744110465E-4 5.82293294858919E-5 
0.665736126909913 -1.200915600133059E-4 -8.466336667196589E-4 -1.5113821955398018E-4 3.956648411248636E-5 1.0209676746026898E-4 -1.807558174600008E-5 -1.2310530876450347E-4 6.088701951758228E-4 -1.0820052586555125E-4 
0.005961623517705628 -7.825042389551014E-5 -0.0010813347597648318 2.0241985236159058E-4 7.874765762832533E-5 1.4545938761199937E-4 6.315543440719464E-6 1.2670958870252681E-5 -5.982316342540674E-5 3.3250767441586946E-5 
0.9676936820751074 -1.0475162710341267E-4 -8.370519141440707E-4 -1.5346240520673157E-4 5.661097930537637E-5 3.2644554047059E-4 1.9904436728429304E-6 9.817621874592189E-5 -2.4072251396714577E-4 -2.515324574510471E-4 
0.6315363649231338 1.565494828644252E-4 -8.057071180572726E-4 1.0467796663130113E-4 1.299050531746966E-4 3.3877042158329113E-4 5.920810191677173E-5 -4.343588295845489E-4 7.292999331932971E-4 1.9454131018862176E-5 
0.5878941631725194 -1.9819558071915578E-5 -8.131356036120621E-4 -1.3534572671134473E-4 2.04477604231362E-5 1.1766132391861502E-4 -1.1692358786442663E-5 1.2109601401650933E-4 -2.9611249109333024E-4 -2.613189745433666E-4 
0.9509251488177612 -1.2310187493708405E-4 -0.0010240226024687965 -1.4893090919119537E-4 1.137092600764189E-4 7.389756856681363E-5 -6.935273148475821E-4 2.203592199624036E-4 -3.895043503424258E-5 3.208730290642567E-5 
0.31193957280788276 2.3108646799533357E-4 4.474789683631626E-4 1.7325206053518127E-4 6.864041452850148E-5 7.471690946531234E-5 -7.003292686728233E-4 -1.5906493990547853E-4 -8.289035912033177E-5 4.131529060009121E-5 
0.03864038951650561 1.5785662471071269E-4 -0.0010821879855300927 -1.0185952140783476E-4 1.1340730708285073E-4 -3.610015167295825E-5 -3.7941590942578324E-4 -1.5593583464680263E-4 -2.0385240444127878E-4 3.063686372194905E-5 
0.6014555160300468 -1.2753352573809665E-4 -8.094262970717855E-4 -1.479052693470722E-4 1.005610989892407E-4 7.327442964372825E-5 -5.77697244465505E-4 2.2033177961605695E-4 -1.109404976835363E-4 -2.551622325823376E-4 
0.026094239318804446 -5.2487120748354784E-5 -9.619353210837681E-4 -8.43856709933188E-6 1.646409762657764E-4 2.2395759318246812E-4 -1.004680936037867E-5 1.0521308098671836E-5 5.911738989698719E-4 -3.1310878922610866E-4 
0.09127715452609114 1.6616781118863614E-4 -8.466336667196589E-4 7.054849951128736E-6 3.956648411248636E-5 1.0209676746026898E-4 -2.6547239272312105E-4 8.803959137313694E-5 6.071418273894997E-4 3.219405004185427E-5 
0.2809876103643519 -1.1561950678186064E-4 -9.76063221514907E-4 -1.303928956019955E-4 -5.072939765345357E-4 2.3222851591495893E-4 -8.446990547894624E-4 -1.7406956566647737E-4 -2.2113361180685088E-4 -5.516906246269806E-4 
0.3239242153251457 2.355592078155808E-4 3.994277736996311E-4 2.343430590349231E-4 8.203498242697395E-5 7.286184699857758E-5 -6.64207384329411E-4 -1.1130409229973378E-5 6.245344598831567E-4 -5.5821283401808104E-5 
0.6819047005715453 -9.97243741590719E-5 -8.111775052054027E-4 9.035727620429099E-6 1.6712876274318323E-5 2.1776153407927404E-4 -1.0213005163854335E-4 2.6389523052204346E-5 -1.1553705337796131E-4 -2.5454524237001724E-4 
0.024416021677377414 -1.1581682575874166E-4 -9.299010630253393E-4 2.3830251134796971E-4 -6.202251417940513E-4 8.055535327356443E-5 -5.972117028199752E-4 3.5569570336411977E-4 -8.068797728108388E-5 2.8020943906155053E-5 
0.13347395377168148 -1.1657638864387552E-4 5.57505920781421E-4 2.2246092086589825E-4 9.51145092786918E-8 3.2382523960097206E-4 1.7430109521221215E-5 2.0101356941590207E-5 7.647725716835396E-4 -4.393924105533799E-4 
0.6902916087390933 -4.422365602500256E-5 -8.29132451646504E-4 -1.0312883513276488E-5 1.08994162903813E-4 4.242194365315545E-4 -2.2992717042919305E-4 8.957776788306787E-5 -1.0888863486249918E-5 -9.580903392846256E-5 
0.01002422890887772 -1.225709285201025E-4 -8.1099785592475E-4 -1.4549894175788108E-4 -2.0846238532813412E-4 2.6088191172450733E-4 -1.1580022155304229E-4 -2.1637334884024996E-4 1.0225308700201934E-5 7.796712551156427E-5 
0.29177120469149503 -1.7677761178363152E-5 -0.001101958955519543 7.488157073229852E-5 7.393844883808991E-5 6.656073016841525E-5 -3.4640803467112565E-5 7.927957615143992E-5 6.647216137396526E-4 -2.6500980780341056E-4 
0.3561094639154733 -1.1541242817994259E-4 -8.334810040359602E-4 6.26972942963688E-5 2.3441838051233547E-4 4.080952837904811E-4 -7.32540250522626E-4 1.914356911484873E-6 -4.50371954794731E-5 -4.430331289912161E-4 
0.06652298215392616 1.7272257407844645E-4 -8.238354602525878E-4 -1.0202317993624613E-4 9.208515965410582E-5 5.809890448277394E-5 -1.4105934921450336E-4 3.439400738454633E-4 7.233470992157383E-4 -2.7813923773494886E-4 
7.938101051253102E-4 -2.3411457644869805E-5 -9.203520984572996E-4 6.065390290864187E-5 1.4368513435054995E-4 2.5889088529923806E-4 -8.920091425459247E-6 3.27246736819604E-4 -1.72150803919604E-5 8.548752400737763E-5 
0.4004535194716806 -9.970802233811542E-5 -8.175702190256829E-4 1.9314617801066458E-4 1.0118695728512072E-4 1.3364534064089366E-4 -1.1568842708503251E-4 1.3281287414151658E-4 1.0106341143345998E-4 3.1641871370057575E-5 
0.23616916371348973 -1.5662936207315364E-4 -8.072322237126175E-4 6.879508736186097E-5 1.568829469090821E-4 1.5529415718114594E-4 -7.01563963602212E-4 9.121829051011898E-5 7.720621557247988E-4 -2.3858051635968595E-4 
0.5581709921978297 5.162570388614607E-4 -0.0010674378026600123 -2.1353476407757642E-7 -5.487565697927447E-4 2.2814333794859864E-4 -7.999008518377127E-4 3.2607961044065696E-4 -2.402018028086589E-4 -1.515751927082999E-5 
0.32871796682752796 -1.0369282787509957E-4 4.675305678241622E-4 5.607350901789422E-5 -1.7742933666828244E-4 1.3431217411095643E-4 -5.035614093818464E-5 2.4706253655769265E-5 -2.3528493325779257E-4 -5.361263211026816E-4 
0.7768712656672601 -1.373410168298073E-4 -9.247158592286831E-4 6.094903627539775E-5 -3.0490529557575556E-4 1.2534440129412347E-4 -7.714741074131394E-4 5.135656159774539E-5 1.1948231552267403E-4 -1.9997585077041318E-4 
0.21277136834123805 -6.772056041513965E-5 -9.823211753462488E-4 2.1846824059037032E-5 7.621601670927566E-5 7.364432173328768E-5 -9.081425915737343E-5 9.238707929810204E-5 8.003107093827509E-4 4.894979947590863E-5 
0.0724421244547881 -9.513910846419695E-5 4.675305678241622E-4 5.802424934200504E-5 -1.7742933666828244E-4 1.3431217411095643E-4 -4.8709266829674645E-5 2.4150203494222033E-5 -2.0832405938718519E-4 -5.361263211026816E-4 
0.764121361233262 -8.381494351628398E-5 3.933671471982802E-4 1.6999990865598164E-4 9.997010148916353E-5 7.46355284461181E-5 -6.661428692122243E-4 7.02058455830951E-5 -7.160227469595211E-5 -2.514554689392156E-4 
0.26882905753096814 -1.0405481494434755E-4 -8.987664703447585E-4 -1.7981158538171399E-4 1.615589426169993E-4 8.441136210892945E-5 -8.524955932275538E-5 3.6753366981207263E-4 -9.805549512241424E-5 6.969351439446063E-5 
0.7225382447151839 1.730500426614249E-6 -8.072954698165085E-4 8.03220138972594E-5 -4.1195579498249794E-4 4.3361065760846943E-4 6.996112192655606E-6 -2.3031766049630816E-4 3.7538494765851836E-5 3.83100142033915E-5 
0.19480457499228873 1.673499099583953E-4 -8.161337664565498E-4 -1.4680365132559327E-4 -2.772843591184288E-4 2.55553127465664E-4 -6.989367596885967E-4 8.90047974264707E-5 -1.4485821417114803E-4 -8.297234615802936E-5 
0.8618969428855369 -1.019551872586359E-4 -7.977682952547079E-4 2.48900723059991E-4 1.374469262302459E-4 4.371888994710309E-4 3.708520437792914E-6 1.2265902514863107E-4 -1.7368135574745143E-4 -2.46564199656896E-4 
0.06994389970523224 -9.332915705610682E-5 -0.0011094725776472207 -1.3027122271997067E-4 -2.2494764225095958E-4 6.239809579921441E-5 5.930128512896809E-6 -1.6962126962462485E-4 -2.892827951509983E-4 5.435741835121201E-5 
0.25633042529335276 -3.932668814041795E-5 -0.0010149496213183596 1.401950978036287E-4 -2.9674039643273514E-4 3.383991094543484E-4 -6.461245893728934E-4 2.788671512402026E-5 -1.1710995826477484E-4 3.0198981835866188E-5 
0.25102339457377343 -1.0085127000760902E-4 -8.173300540579269E-4 4.6917223937050095E-5 7.390685312315672E-5 2.416506022582165E-4 1.4191954996949942E-4 3.700561460589431E-4 -9.552594352186389E-5 3.0407951389219852E-5 
0.50612772044674 1.6366965276437686E-4 -0.0011094725776472207 -7.393063330326445E-7 7.065322997148015E-5 1.3796008395303662E-4 -7.038855958856287E-4 -1.6654281711441649E-4 -2.7248681075796354E-4 3.0029499879356736E-5 
0.3015219721964305 -1.0370305657622384E-4 -8.022119867469241E-4 -1.4138481233385064E-4 -3.4978040661902816E-4 1.2018815435671657E-4 -7.6031200321655E-5 8.966782172610272E-6 -2.3519408052167536E-4 -2.556406176839233E-4 
0.4844907626502928 1.5718783709112681E-4 -8.920527755930049E-4 -6.540524291256757E-6 -2.7581028442228263E-4 1.7792817640050588E-4 -5.0333669201163404E-5 -2.0449420507234273E-4 5.988849336803721E-4 -2.546142651686508E-4 
0.7270587923835127 -1.1491053024406648E-4 -8.269649376899047E-4 5.7070473955270966E-5 7.887054176512168E-5 2.1151144179712243E-4 -6.490589920930601E-4 8.949990826650738E-5 -1.8153661654733363E-5 -2.9478346340937474E-4 
0.0017705151417473641 -1.3827920300727716E-5 -8.240390987542801E-4 2.357162363633327E-4 8.98238944145943E-5 6.367376904226692E-5 -5.590077848173687E-5 3.4065511688820727E-4 2.0508611641730618E-5 -1.0477338592655716E-4 
0.7566547755669206 -8.414398545824681E-5 3.933671471982802E-4 1.6999990865598164E-4 5.6388458778100616E-5 7.46355284461181E-5 -7.201159054581081E-4 7.02058455830951E-5 -6.103862281275824E-5 -2.514554689392156E-4 
0.38786727042958935 -1.248059317094386E-4 -9.260653902823292E-4 -1.4019269673040788E-4 1.7846888914801792E-4 8.518737514852249E-5 -9.149224510767324E-5 1.3907726925915452E-5 -5.0167672315394596E-5 6.963698635484564E-5 
0.44210779827691704 1.6897980170534646E-4 -9.584302702661107E-4 8.463397863713975E-5 1.3554645080270924E-4 3.27053938001594E-4 -1.5290213837034877E-4 -2.1377340711321993E-4 5.908868586837012E-4 -2.8835652350850106E-4 
0.3505444162172398 -1.3653236012535639E-5 -0.0010372109622633825 -1.28035311300445E-4 7.376817426357491E-5 2.482177861480973E-4 -8.248344543136254E-4 3.448016426446229E-4 1.2138601997886732E-4 -5.574799384406448E-4 
0.01858429731558725 -1.1660781183524672E-4 -8.195947142765019E-4 -4.914635527822464E-5 1.333681192801395E-4 1.5983542726430335E-4 -1.1354448938851033E-5 2.023940355269946E-4 -1.5375172259508374E-4 -4.852321665254811E-5 
0.4521825888206231 2.418717524492057E-4 -0.00102725204374622 2.5503879296812743E-4 6.87002848334058E-5 7.421193012409146E-5 -4.295665275840004E-4 1.3907726925915452E-5 2.2113161134721495E-6 3.7251294164570476E-5 
0.7020267725511428 -1.31185633233621E-4 -8.464103405750033E-4 -1.395515390966911E-4 -2.588483287193694E-4 8.36874724428416E-5 -7.642067349098689E-5 8.493401825760219E-5 -4.9912426555241316E-5 4.656414719450745E-5 
0.3783107302854392 -8.739119329783407E-5 -8.354157110274951E-4 -3.298799344057229E-5 1.1502732533003489E-4 6.39280496832865E-5 -4.7216355659416445E-5 1.8804800424468467E-5 6.281358210411519E-4 -2.40101788015775E-4 
0.15660813809473081 -1.8820462874794117E-5 -0.001036085288690339 1.2104374939642094E-4 7.166341491159818E-5 6.657446516904788E-5 -6.82397634487862E-5 2.2017514881714245E-4 -1.3902367184609194E-4 -5.5414486249219364E-5 
0.09440985127477758 -1.1564793324344895E-4 -8.211723950213971E-4 2.9310333516535558E-5 -2.1448792408575247E-4 5.987042608793173E-5 5.53517449199516E-7 -1.7746956641532234E-4 1.2566870607147018E-4 -3.796853476666803E-5 
0.2242991988794391 -1.1550568201391847E-4 -9.249175842111115E-4 1.6571804305535762E-5 9.75141476121209E-5 2.1838333220701613E-4 -5.737480847560223E-5 8.408694547865412E-5 7.243863111465534E-4 -1.9069226145379585E-4 
0.3743430367521894 -5.7037672837971193E-5 -9.556959240682964E-4 6.683756104575378E-5 1.0933936961973788E-4 1.205620305695891E-4 -8.843848088229087E-4 1.120687763208899E-4 6.52164026651981E-4 -2.901069351714325E-4 
0.6591306276888749 -1.166458224455839E-4 -8.399481167934504E-4 -1.514889643151148E-4 7.383817213109576E-5 2.541163489190965E-4 -1.557582369028865E-5 -1.3591058044056548E-4 -1.0997028289206579E-4 -1.113452823779561E-4 
0.11174677130517616 -3.0545620420074575E-5 -8.182833727075226E-4 6.265403077353465E-5 -2.1435689695784236E-4 7.829206092792995E-5 -6.344050742320366E-4 7.644410302047044E-5 3.4344324276633804E-4 -2.995204516852956E-4 
0.4320314025063658 -5.157898672095597E-5 -8.480408569875333E-4 3.900873935394706E-5 -4.7263591472575364E-4 2.3523021714307979E-4 -6.042142797679891E-4 -1.1993431442736086E-4 6.452643181978111E-4 -2.3370935955289545E-4 
0.9078591333152912 -1.6667410207818907E-5 -9.813451471017136E-4 6.505992376188602E-5 9.388132763811906E-5 3.36604075762443E-4 -5.042263406124822E-5 7.62740288547424E-5 -2.054155916889495E-4 6.213710582021299E-5 
0.24222476426439912 -9.921212727416644E-5 -0.0010304743828858192 1.9755920520987935E-4 -3.045223559390837E-4 5.992742062962473E-5 1.5884138543862498E-5 -4.923931859647413E-4 1.0156716423014763E-4 3.026874389312447E-5 
0.016704207108348294 -1.1198404260849577E-4 -0.0010304476388570544 -1.1334452337757052E-4 -4.6455267587262734E-5 7.774546509550288E-5 -9.494787244293372E-5 8.567237260297768E-6 2.1269787291705857E-5 -7.126811347519911E-5 
0.014587961279601602 -1.0486309838889054E-4 -8.331639182033352E-4 -1.4695288855395762E-4 -3.4290536198463206E-5 8.303147433810502E-5 -8.314047586420183E-4 9.836246962455168E-5 7.2178117056914E-4 -5.4369487769176145E-5 
0.0333559923818166 1.7049922647936768E-4 -0.0012269314146156009 1.9351692896395843E-4 1.1136420253451963E-4 1.3005798094307833E-4 -7.030010064288841E-4 6.367066004241666E-5 8.5398659772941E-4 -5.50424023310551E-5 
0.5447746763928314 -2.661107474704157E-5 -0.0010797557839295085 7.99181640987899E-6 0.0011002954730212303 1.2696978597046877E-5 -1.470882420727817E-4 -2.132691464935026E-4 -1.7186686518692358E-4 -3.219245012832969E-5 
0.05278576928837997 -1.1653383021926854E-4 5.57505920781421E-4 2.4508924629923436E-4 -9.091138483470593E-6 4.371888994710309E-4 -1.4569028495153039E-4 1.2265902514863107E-4 7.647725716835396E-4 -4.412606700903973E-4 
0.1186058183208519 -1.5896290068678297E-5 -9.813451471017136E-4 2.3276383158840676E-4 8.909405814768029E-5 7.324782530424973E-5 -6.773438633664379E-5 8.99968648979441E-5 8.607864675861531E-4 7.181174362226464E-5 
0.791645782610856 1.7171941995115835E-4 4.7119072474857606E-4 -7.877948892672518E-6 -4.8004747182549884E-5 3.9439574871932853E-4 -5.9593862390637855E-5 3.058893907262772E-5 1.0614065732682341E-4 -6.927497605093626E-5 
0.524724367740349 -9.521836931665184E-5 -0.0010807551140632353 5.8272434941801786E-5 -5.1998252663300715E-5 6.728316058446868E-5 6.595812879226523E-6 2.7726522478442372E-5 -1.6040064410865345E-4 -5.372880267132344E-4 
0.03585356175898102 1.7049922647936768E-4 -0.0012342802879273017 -7.247115487340902E-6 1.1775066660266328E-4 3.0494419621386116E-4 -7.030010064288841E-4 6.367066004241666E-5 8.5398659772941E-4 -7.237818286866255E-5 
0.008416878466599297 -1.2663201049394702E-4 -8.355791894099158E-4 3.487656554685609E-5 8.513397672978582E-5 1.3835044986488233E-4 -9.301005801556634E-5 8.649830159871686E-5 1.0542505744110465E-4 -2.550954598377098E-4 
3.1637665119958053E-4 -1.5896290068678297E-5 5.104202391538607E-4 6.806315068638911E-5 9.412647345646326E-5 7.395607997058053E-5 -6.747299173981304E-5 7.869422466215111E-5 8.574118182496345E-4 7.262814035902019E-5 
0.36199801692331013 -5.305217273128423E-5 4.3641538530876764E-4 2.4447804746107566E-4 1.0336938414466991E-4 5.271260530020386E-5 -9.145781384584169E-4 -9.935471774573677E-6 1.0422371159454786E-4 -2.5519608067964657E-4 
0.1296192782626729 -2.5261567633291954E-5 -0.0012292149962106515 1.7895707084232705E-5 7.442880005382058E-5 6.90100142390854E-5 -7.035700699589485E-4 -2.230920055235554E-4 6.358092621325205E-4 -5.818003771076131E-5 
0.16112034634134834 -1.1545474141245999E-4 4.555882910720929E-4 -1.5152746950489334E-4 1.2798744598024346E-5 4.555700998652829E-5 7.0857895454149865E-6 -1.4525031045103107E-4 -1.1043576969881698E-4 -1.1544165951526969E-4 
0.7491661947437604 1.681124905801609E-4 -0.0010809767583954998 6.084239945256594E-5 7.884155269524566E-5 1.4320708768953224E-4 8.06498079737656E-5 1.0597781782727264E-4 -1.4557442529601708E-4 -3.010503381530897E-4 
0.11490191315388931 -1.2483749927793045E-4 -8.375367137904901E-4 3.1392703005699525E-5 5.6470236006811065E-5 1.3777326679010286E-4 -6.915005483064866E-6 8.947836680434333E-5 -2.7731365682298734E-4 3.697066153270517E-5 
0.013177384602223563 -1.259049257719534E-4 -8.37503691466555E-4 8.047063710537073E-5 8.513397672978582E-5 1.4357582613764067E-4 -1.3871501917088068E-5 1.3749703631836679E-4 -2.5669025463566787E-4 -2.7339355163575376E-4 
0.3400856439152077 -1.1541242817994259E-4 -8.334810040359602E-4 6.26972942963688E-5 2.3441838051233547E-4 3.3497893494020077E-4 -8.491416444217058E-4 1.914356911484873E-6 6.290885638002158E-4 -4.316249140762287E-4 
0.9138929291085534 -1.1205153368141948E-4 -0.001024470692210869 -1.441222379880119E-4 1.1787913612349887E-4 2.430869299675667E-4 -6.982510330177932E-4 3.6826205525396157E-4 -9.760975473110543E-5 2.4955244223448272E-5 
0.45751518870858765 -1.2146346471689748E-4 -8.245369104969539E-4 -3.504906291442675E-5 1.1177748047876315E-4 1.367656836533781E-4 -8.289226941344252E-4 9.512471346964056E-6 1.0179653190012312E-4 3.7171679225668074E-5 
0.9754144757112014 -3.0716186572393665E-5 4.2735320143236173E-4 -5.057658656350711E-5 1.5647771590509175E-4 1.5694082085217006E-4 -1.1446871019579025E-4 6.060989475187389E-5 -1.3040957767386865E-4 4.978291157695702E-5 
0.16720366926444127 3.133516051709526E-4 -8.974181684871911E-4 1.0754336205518649E-4 -4.3798919838804575E-5 7.390723040845566E-5 -8.260154747519687E-5 -4.689802601372355E-4 7.546322127182953E-4 3.5281558132552047E-5 
0.891439309723688 -1.1297468033308008E-4 -8.370519141440707E-4 2.371430076049869E-4 5.265259315051644E-5 3.2521912476816435E-4 1.9904436728429304E-6 8.071681055030094E-5 -2.4072251396714577E-4 -2.515324574510471E-4 
0.2057198958652003 -6.37319383726909E-5 -8.276027101921324E-4 3.2295471294284606E-5 -1.833161821223658E-4 6.045241004515263E-5 -1.277360230390877E-4 2.61677166655823E-5 5.998429568801689E-4 4.9058360610765346E-5 
0.8293723364224498 1.9290776387736458E-4 -8.223907382658489E-4 6.095750290993421E-5 1.4241666919679005E-4 1.3598390411199884E-4 -4.53581284302648E-5 9.644966916067445E-5 -1.679841846066881E-5 -4.440606956995159E-4 
0.47929356638211884 -9.970187187796758E-5 -8.100039992523077E-4 -1.0417459046208676E-4 1.0373476516702663E-4 1.347044807665103E-4 -9.375362413511335E-5 1.1028464427647881E-4 -1.0948717049743329E-4 9.611460583147427E-5 
0.7161954335512851 1.8608268758792481E-4 -0.00102976641609266 -1.2457912513621765E-4 1.0452977359330355E-4 2.3091052406366212E-4 -1.0135095102316657E-4 6.245713777049488E-5 -2.451148000450744E-4 -4.4900726152772566E-4 
0.5012807449745481 1.6414009610380543E-4 -8.415209544061113E-4 -1.468803161767378E-4 -3.008327693569554E-4 1.265982043506414E-4 -7.663431427721458E-4 1.1358035489562673E-5 7.155011461532372E-4 1.5472062883963638E-5 
0.7411227148985682 -6.268425560669412E-5 -8.805080401953806E-4 -4.9788332436475285E-5 -3.030290461910593E-4 -1.8491122966831226E-5 -3.247652314670931E-5 1.302184942027775E-4 7.090357356409841E-4 4.667457532727133E-5 
0.001347171506748898 -1.2035689723788808E-4 -9.24939003704221E-4 6.059759126143016E-5 1.4170728574931996E-4 2.6038878360131433E-4 3.584851732025133E-5 3.225129090977878E-4 -1.9374932790300196E-5 7.196906832017161E-5 
0.4271422987166823 -9.485924977569105E-5 -8.184823497899681E-4 2.4404461242827274E-4 9.756185410715566E-5 1.409735307153519E-4 -7.055365413318602E-4 7.605451234671257E-6 -4.940753486223768E-5 3.359109835889066E-5 
0.6085559554602149 -5.355922885375969E-5 -0.001042024010120829 1.0814379088576084E-4 1.41508629525445E-4 5.520063069710702E-5 -6.772115504893928E-4 -4.783013784119698E-4 -2.8854670543652157E-5 2.1573331119624712E-5 
0.9995507543910614 -1.0293555989626949E-4 -8.153757734689339E-4 2.2876273117170443E-6 -3.481584926685355E-4 1.5486092945234375E-4 -3.9597746915738183E-4 6.65657897769167E-5 -7.538289557487655E-5 3.695485346803877E-5 
0.0026619233737967263 -1.0098168241191453E-4 -8.002537729230176E-4 -4.914635527822464E-5 6.781898473720433E-5 6.325335343112E-5 -2.664758240106019E-5 9.783081077143533E-5 -8.039011614594844E-5 5.405823701334686E-5 
0.6726748410565908 -1.051576694123413E-4 -0.0010378551384915668 1.0322267197177939E-4 5.1642932402278045E-5 2.356181870619648E-4 5.4262316554978915E-5 2.4001343599539676E-4 -1.5936745712309127E-4 -5.6359268423727385E-5 
0.34510768171974604 -1.0217386437273837E-4 -0.001057843631149148 -3.029250617460379E-6 -5.213077421498266E-4 1.3051838326799486E-4 -8.290218483753647E-4 2.3706984818936698E-4 1.0562698809412912E-4 -5.516906246269806E-4 
0.05594540842041834 -1.1653383021926854E-4 5.482381198568719E-4 2.5924705465208667E-4 -4.6149151407246577E-4 4.4758748862539443E-4 -3.935788946487134E-5 1.0905218081518411E-6 -1.6034404331111176E-4 -4.363975309837641E-4 
0.0038400182222740054 -6.957249233607354E-5 -0.0010596578518243566 -1.1199168500250901E-4 -1.1146683346119191E-4 8.656561748721943E-5 -9.750686118823837E-5 2.5734870687824075E-4 -4.156666154518597E-6 -1.8474396179009664E-4 
0.04694051814275184 -1.0126457659949821E-4 -9.042442166243683E-4 1.587118301123083E-5 9.379982135791908E-5 3.257618077066231E-4 -3.1275115399273285E-4 2.1783716527945483E-4 -2.208806700456035E-4 6.04951991218642E-5 
0.44730418857144993 2.3144692388854169E-4 -9.613074601712527E-4 -7.898856846948745E-7 -2.507859073156058E-4 3.2909332386643706E-4 -1.4273739269309157E-5 -2.3001015809148232E-4 6.184034043414731E-4 -2.610879216425686E-4 
0.8970544382469308 -1.8010675153646557E-5 -0.001029312490560555 1.767500899812835E-4 8.91214808434395E-5 7.145674106673874E-5 -6.456885112835013E-5 7.664556985653793E-5 8.499902114106702E-4 3.8530767232088624E-5 
0.875493749182948 -9.497294843031364E-5 -9.294665664461814E-4 1.978592548932996E-5 8.974851839976759E-5 1.2539282774199915E-4 -8.907907397348921E-4 1.2857390281490833E-4 1.1987587290977447E-4 -1.0580717073077622E-4 
0.3182003095603642 -1.0217386437273837E-4 -9.771060255452828E-4 -1.2794169452158796E-4 -5.072939765345357E-4 7.35414055569166E-5 -8.505373169264769E-5 6.764942003342734E-5 -2.2137056375345614E-4 -5.516906246269806E-4 
0.1454859054021333 -9.175749561730854E-5 -8.111153320037016E-4 4.3008010909242645E-6 -1.9964959549951676E-4 7.204153398597742E-5 -6.329446711601829E-4 -5.492877821304896E-4 1.1782793443720397E-5 -4.3586941657430356E-4 
0.5193078986620845 -1.0351368915964508E-4 -8.126211892158971E-4 -7.393063330326445E-7 7.080355100634039E-5 4.6794606606448096E-5 -7.66806211277689E-4 -1.5138036904766564E-4 -2.745792548462449E-4 -4.455166267883145E-4 
0.031074464850171124 1.698868541955239E-4 -7.946125748149457E-4 1.9845018289702185E-5 5.109655437981865E-5 7.362189944465339E-5 -6.995582292292135E-4 3.6010493627042516E-4 4.585559553876731E-5 -3.217962184964753E-4 
0.9869114392273751 -4.279269264965876E-5 -0.0010177116015147088 2.2949517455170954E-4 -2.777017828912374E-4 4.687012439904898E-4 -7.10438253144119E-4 9.020834170081796E-5 -2.7560362927494484E-4 -2.1683914010782506E-4 
0.06352990546579823 -1.1202315918306343E-4 -8.070829453923598E-4 6.303069289505878E-5 2.3253255533236498E-4 8.184181770451405E-5 -7.487448230953752E-5 7.531655458952461E-6 -2.025922808597785E-5 -5.106315685623477E-5 
0.8348119405784691 -1.6690206829205866E-5 -8.232956594452479E-4 9.366250498540965E-5 7.375172484635929E-5 1.380385787885351E-4 -7.819217389464661E-4 1.0932148687572771E-4 2.2125733947360308E-5 -4.440606956995159E-4 
0.09791718199274929 -1.151126774379746E-4 -8.192158878737411E-4 1.4833917760644423E-5 -2.7181225899811264E-4 9.483673893584272E-5 -2.621525783914456E-4 2.1730943369657155E-4 6.804969181629024E-4 4.3307469146375445E-5 
0.6463057250979505 -5.830625022504441E-5 -0.0010919038084896886 8.388183618433424E-5 1.3613465456308973E-5 6.888055546429269E-5 -5.946478594337496E-4 1.3799071941666014E-4 1.2572671003853142E-5 -2.7343458631075567E-4 
0.041637126636326016 -1.0096297959035684E-4 -9.623789352469076E-4 -7.112009920371563E-5 -2.2138053337820724E-4 6.47459614470756E-5 1.8205063926956454E-7 3.2929694032300487E-4 -1.0544376627561402E-4 -2.1541973928812107E-4 
0.4056281414304483 -1.3855247604404632E-4 -0.0010642670546005296 -1.1563552408255268E-4 -2.2585342652856318E-4 3.3387931159593973E-4 -1.977378872724411E-5 2.51368351984615E-4 -2.3760762271995257E-4 -2.458860261344252E-4 
0.7089160452055708 -3.023823600446922E-5 -0.0011016866863493384 6.542896059337257E-6 2.8358001867561012E-5 4.10895967886754E-4 -4.8370544224912097E-4 2.0976203589026063E-5 6.801715206547289E-4 4.404702701225305E-5 
0.8682773876096781 1.7133530690324002E-4 -9.633579672472543E-4 -1.758319781335931E-4 -4.6244542208446565E-4 4.0442433892545163E-4 -7.362503449075249E-4 3.283745862779537E-4 1.766661780363025E-5 -4.4314685416048236E-4 
0.9029118454943869 -9.789225430206357E-5 -8.215673780603509E-4 7.744806172850095E-5 1.0066510704647336E-4 6.368492730214162E-5 -7.891961913947816E-4 2.656587629795232E-5 8.306620438807842E-4 -5.416889886097852E-4 
0.4223567623890277 1.6581686069643876E-4 -8.007324194943933E-4 2.3602085423981065E-4 6.863060432957714E-5 1.375626465019221E-4 -8.417371972007265E-5 9.430982085752546E-5 -2.789655639968049E-4 4.825922005828041E-5 
0.6235740706214288 -1.0377815677907668E-4 -8.174523813910862E-4 2.609424500832261E-5 -4.7714756627204437E-4 1.255541924659987E-4 -6.117036297559547E-4 3.665716206603977E-4 -9.725413487055983E-5 7.835049897016299E-5 
0.1414430179606977 -1.3898306457686455E-4 -8.494645761698011E-4 -2.168965458472388E-5 9.998519831255058E-5 4.18485080417684E-4 -1.3194552748471515E-5 -1.0752824831543925E-4 9.939029364825137E-5 -2.4161222408303467E-4 
0.467400032696823 -9.941421570657415E-5 -8.096513364884509E-4 1.808313419847633E-5 1.019559258623749E-4 1.381776031721737E-4 -9.375362413511335E-5 1.1028464427647881E-4 6.310258996069299E-4 -4.443699996363628E-4 
0.0498381141576025 -1.0099047068455728E-4 -0.001036003644700563 2.328984648136935E-4 1.357421694204569E-4 3.2805706302931834E-4 4.934764165618054E-5 2.953910517405599E-5 -1.7206042394422215E-4 -2.502351016440652E-4 
0.2768008898468044 -1.2306955881209237E-4 -8.078434665302368E-4 -1.3080832520222019E-4 6.87002848334058E-5 8.518737514852249E-5 -9.149224510767324E-5 1.3907726925915452E-5 -5.0167672315394596E-5 6.963698635484564E-5 
0.1527762910700446 -1.1626815368924607E-4 -8.389380118336617E-4 -1.5072212248210448E-4 1.317044380052252E-5 7.962286473437002E-5 -4.874800304479444E-5 2.0959946081703512E-4 -1.512992935015618E-4 -1.1521982812490061E-4 
0.6391381907455473 -1.0280388374481463E-4 -0.0010425820493750288 2.9438149650190547E-5 8.974103793596003E-5 2.4171212009845835E-4 -3.88468622708871E-4 1.2689849858835562E-4 -3.110702755651753E-5 -5.448144732059006E-4 
0.1897577996756511 -1.7345464014807037E-5 -8.209906830132289E-4 -6.294045057699465E-6 -6.674845788755678E-4 2.228387897350098E-4 4.66099781558523E-6 4.015195068698861E-4 1.1829674130843363E-5 -3.1626308695928385E-4 
0.08422110953898562 -1.8792531524292535E-5 -8.238354602525878E-4 -1.0202317993624613E-4 9.208515965410582E-5 2.510814161228763E-4 -1.4257765069751582E-4 3.439400738454633E-4 7.233470992157383E-4 -2.816256674111146E-4 
0.6966458480976616 -1.1543397994360902E-4 -8.201434061597512E-4 7.328050580821169E-6 3.7744330345662497E-5 3.9507844322464827E-4 -4.8433507404995835E-4 2.014378138487488E-5 1.474835845584983E-5 5.0556562744889447E-5 
0.2853083175932918 -1.1182731869834476E-4 -8.021829258335415E-4 7.019609434588198E-5 8.481850192127243E-5 1.2038288120932934E-4 -9.482784071330776E-4 5.778640062969698E-5 -1.622463442708706E-4 3.742638307307767E-5 
0.3939383869341151 -1.2663201049394702E-4 4.217097553372129E-4 3.52754380844599E-5 -3.153478654731348E-4 1.3972806299273133E-4 -3.1308981523450914E-7 8.947836680434333E-5 1.2307154839975816E-4 -2.432746552705155E-4 
0.7867824033342441 -9.029447741084466E-5 4.912209109946226E-4 2.9636143592720558E-5 -1.3029063846121065E-5 7.506991164314426E-5 -1.5971976289890427E-4 -1.518763129682516E-4 1.3126955134112867E-4 -2.438394139930977E-4 
0.08751770271025505 -1.051576694123413E-4 -0.0010378551384915668 2.068698595415896E-5 5.1642932402278045E-5 3.477939606339232E-4 5.4262316554978915E-5 2.4001343599539676E-4 -1.5923596260353752E-4 -5.213378929226418E-5 
0.02241303476720151 -1.125920878500739E-4 3.2769862149943993E-4 5.534232326684238E-5 -2.1897530793280542E-4 3.317002404717983E-4 6.940383631606637E-5 1.8118814650970735E-4 9.505559623016691E-5 1.9039324389299322E-5 
1.5190172958368109E-6 -1.5896290068678297E-5 -9.813451471017136E-4 6.284348042070759E-5 8.909405814768029E-5 7.395607997058053E-5 -6.773438633664379E-5 7.869422466215111E-5 8.607864675861531E-4 7.262814035902019E-5 
0.41178669579967314 -1.0217386437273837E-4 -0.0010155970894473653 1.6075593959654619E-4 1.203108228443175E-4 4.3293165863364486E-4 -8.272769802386288E-4 9.010970711045045E-5 -2.2973532967145285E-4 2.408024776202471E-5 
0.4628927853906425 -8.734046492963529E-5 -8.008604977726865E-4 2.0053388426185922E-5 7.483665670182734E-5 1.3651587413552254E-4 -5.3791056176085296E-5 3.1047255778065804E-5 1.498554949110974E-4 -5.7912915988886355E-5 
0.10866444128811614 -1.292238502923143E-4 -8.375367137904901E-4 2.3387461859193578E-4 -3.079274871503326E-4 1.41506510791183E-4 -5.6018308935939715E-5 8.981760696091263E-5 1.2307154839975816E-4 -2.550954598377098E-4 
0.9204901295571205 1.5702700019945163E-4 -9.487109834936983E-4 5.770973205203687E-5 7.068390659449624E-5 8.904938653730414E-5 -7.757070203339307E-5 1.4221656355976387E-5 1.0499181884520346E-5 -2.808814925480208E-4 
0.7977170591764204 -1.1659154305050063E-4 -8.134890435356981E-4 1.5052922265573602E-4 1.6090996066753352E-4 2.4292476114573335E-4 -9.248591880263697E-6 -1.6954822392824172E-4 5.151502406044703E-6 3.229581470541089E-5 
0.261813589374559 -2.599229677147242E-5 -9.520219377532303E-4 -1.8308204952213186E-4 -2.7582734450268796E-4 5.104884429577266E-5 -7.698484479684884E-4 -2.2819585223223058E-8 -1.4001379065692267E-4 -4.214358402216535E-4 
0.060869747365599525 -1.1564793324344895E-4 -8.075364907093518E-4 2.9310333516535558E-5 1.109827441544303E-4 4.6692845398027136E-5 5.4717111905635405E-5 -1.7716102012077533E-4 4.861591276307087E-5 -5.141067947747224E-4 
0.3824088434848521 -1.2306955881209237E-4 -8.016770524146683E-4 -1.4019269673040788E-4 6.87002848334058E-5 8.518737514852249E-5 -9.149224510767324E-5 1.3907726925915452E-5 -5.0167672315394596E-5 6.963698635484564E-5 
0.981479653694686 2.3144692388854169E-4 -7.995333886583779E-4 1.1784275443487857E-6 -2.5028635903482917E-4 4.300421807092478E-4 -1.6413086013891654E-5 -2.3001015809148232E-4 7.119675558299281E-4 5.315641890257184E-5 
0.8401868979576134 -5.822619447704903E-5 4.601992768665234E-4 1.709890782611503E-4 9.936241123794206E-5 7.453072446513101E-5 -3.192765828662612E-5 -4.4148166314590415E-4 8.210548329881267E-4 -2.4304863072445145E-4 
0.4746249539660979 -1.2471284414658325E-5 -0.0011094725776472207 -5.191766889161631E-6 -2.2494764225095958E-4 6.258384846023242E-5 5.930128512896809E-6 -1.6962126962462485E-4 -2.892827951509983E-4 5.655636409366741E-5 
0.0444017073372211 -1.1971522282337366E-4 -8.186933600834853E-4 6.26780783752471E-5 -2.1435689695784236E-4 8.618682157668825E-5 -6.349502875043047E-4 7.651258237086021E-5 3.5148071806990696E-4 -3.001129516816448E-4 
0.804437682240434 -1.1651256415900585E-4 -0.0010253766516547063 1.5052922265573602E-4 1.6090996066753352E-4 2.4118403473806602E-4 -9.248591880263697E-6 -1.7288516704065416E-4 5.151502406044703E-6 3.229581470541089E-5 
0.020640876899347876 -1.0143981012440136E-4 -8.04067759344184E-4 -1.082579537968334E-4 1.0225944550643934E-4 7.774546509550288E-5 2.6064188024187535E-5 -3.1858883865322783E-4 -1.0977188172709199E-4 -5.035686725212E-4 
0.5640077459659747 -1.0374676203184867E-4 -8.241965873585337E-4 -1.057459389822297E-4 2.7082547873348518E-5 1.0147287594883242E-4 -3.8471193071610275E-4 1.3818677566634964E-4 5.977175702983693E-4 3.1494561742055995E-5 
0.007189461547255416 -5.639635146936832E-5 4.786624600815338E-4 8.543405705181144E-5 2.3988710493394634E-4 0.0012428472590155157 -6.441154475858154E-4 -3.117262132598012E-4 7.127197212089383E-4 -2.457527616582638E-4 
0.24709037864779368 -3.524441181231194E-5 -0.0010298649236520018 1.9361646924184007E-4 1.1202657389144295E-4 1.2979392694289685E-4 -7.325931461767446E-4 -4.84712686634178E-4 2.1205579858702603E-5 -3.003199821019219E-4 
0.028490277029673827 1.697059621401677E-4 -8.490914993362921E-4 1.050669574751344E-4 9.930406661979744E-5 2.3336535214634895E-4 -1.721180786708258E-5 3.198532196976525E-5 1.619244870839997E-5 -8.955806609744284E-5 
0.30638545740679834 -1.0346192474100108E-4 -8.006752594737011E-4 -1.4138481233385064E-4 2.006156256003283E-5 1.2038288120932934E-4 -7.351558555950037E-4 1.3730582808920599E-4 -2.3450914367695547E-4 -4.431463096490721E-4 
0.41713513583255213 -8.738879772196383E-5 -7.925021243421413E-4 2.2189397883386007E-4 -2.2408569027025188E-4 3.310088599317298E-4 -1.4797985326274572E-5 1.8701497682512602E-5 5.838288639512039E-6 -2.5455664778830056E-4 
0.21876288514588235 3.1335433322465204E-4 -8.08474319657414E-4 6.841497781576408E-5 -3.6292388494413763E-4 4.821905157702494E-5 -6.71540125945415E-4 3.778181309919324E-4 7.471219665045391E-4 4.899689399783395E-5 
0.490736709887192 -8.951835871833247E-5 -0.0010807631889293186 -3.6690179162749563E-6 1.7753256998238865E-4 1.5212421704270584E-4 1.5133874432239934E-5 3.3055552452622005E-4 -2.1485996638118262E-4 -2.4282258794845724E-5 
0.7350505768980318 -1.05211187682179E-4 -9.789028181860786E-4 -1.4836837922763642E-4 9.845737984662075E-5 7.46515871212782E-5 -8.289500765649412E-4 2.2033177961605695E-4 -3.815262019780973E-5 3.8085690314968096E-5 
0.5517497740470867 -8.951835871833247E-5 -9.218245534522925E-4 -3.6690179162749563E-6 1.7889714943074807E-4 1.5212421704270584E-4 -4.1654650185649696E-4 -1.4792940491752089E-4 6.795561114796237E-4 -2.4282258794845724E-5 
0.17227233834464292 3.133516051709526E-4 -8.105625034716257E-4 6.211896459518265E-5 -3.616357993570973E-4 4.821905157702494E-5 -6.690440653571354E-4 9.034356316306662E-5 7.288216859138751E-4 4.500982334697479E-5 
0.12537588841274666 -1.079540684816028E-4 -0.0010158162989709321 1.5313584636777262E-4 9.459353070250924E-5 4.275937567351212E-4 -1.2960132519691196E-5 9.085217903887493E-5 -1.2030642033503111E-4 3.257629491378394E-5 
0.513226012718722 5.434729032443249E-4 -0.0010669961130116191 -4.969246272178875E-6 -2.2636299664598896E-4 2.2817945043636977E-4 -2.496675894556125E-4 -1.8081620927061626E-4 5.77174174066063E-4 -2.3241412602937152E-4 
0.8833871896081035 -8.840343829261554E-5 -8.960120510228376E-4 9.407545517234683E-6 -4.5403836807422806E-5 2.1377842917559895E-4 -9.422952672267402E-4 2.2367186994434136E-5 5.445782611199635E-5 -4.370426368871967E-4 
0.576053215588282 1.699845924826915E-4 -8.243465095409507E-4 5.5203990056424986E-5 6.87002848334058E-5 8.518737514852249E-5 -8.413726344551272E-5 1.3907726925915452E-5 -5.0167672315394596E-5 6.963698635484564E-5 
0.8171583665644512 -1.0425256628581414E-4 -9.294112177827662E-4 -3.057036006837388E-5 -4.6261727854970307E-4 1.5694082085217006E-4 -3.642959530039436E-5 -6.684989595945789E-6 -1.3040957767386865E-4 -2.648259484524078E-4 
0.0049353870538397515 -1.0143981012440136E-4 -8.100039992523077E-4 -1.082579537968334E-4 1.0097346211930918E-4 6.510161067539751E-5 -9.494787244293372E-5 1.1952031665809175E-4 -1.0948717049743329E-4 3.1386577761780056E-5 
0.9353172794881346 -2.626278586446774E-5 -9.211228827264836E-4 2.248052474867533E-5 -3.506114003414475E-4 3.661369051429497E-4 -6.952361059015263E-4 2.4992981566786027E-4 6.585357671697931E-4 -2.8568566870873366E-4 
0.8103842378904329 -8.948874174503713E-5 -8.214692721446455E-4 7.007673925070466E-5 -3.0313560739371454E-4 5.992742062962473E-5 -6.745704616853613E-4 8.942234538597489E-5 1.0106341143345998E-4 -2.46366718761803E-4 
0.4370014499224701 1.6581686069643876E-4 -8.243465095409507E-4 2.2903941449995942E-4 7.394508872993777E-5 1.377710959416885E-4 -8.309611372818155E-5 1.158975288629366E-4 -2.7679360487461546E-4 3.0283694893056675E-5 
0.17813425096004204 -9.627386556233004E-5 -9.293531057649945E-4 2.7928132072892835E-5 -6.630561841437716E-4 8.055535327356443E-5 -5.858944807056653E-4 7.792810439291883E-5 -2.1083877483573846E-4 -2.746743756987276E-4 
0.08067340539551421 -9.513910846419695E-5 -8.323761465351533E-4 6.198588169153173E-5 -1.902789748663931E-4 5.793169473521145E-5 -8.401593434643373E-4 2.4150203494222033E-5 -2.1897858678945344E-4 -5.257737529447608E-4 
0.6157977163857298 -5.361334235100266E-5 -0.0010424545106099596 1.0467796663130113E-4 1.2822263853806736E-4 2.3870036530921723E-4 9.895010969547969E-7 -4.783013784119698E-4 6.55385194335702E-4 -5.518715287384787E-4 
0.149506738222052 -6.77326832153943E-5 -8.349394286756127E-4 7.054849951128736E-6 3.922355821264874E-5 1.2537548818319217E-4 -2.6547239272312105E-4 8.803959137313694E-5 6.807201692085637E-4 -5.167043759558272E-4 
0.8475805345288975 -1.273668312995999E-4 -0.0010253766516547063 4.636847725625578E-5 6.87148169506756E-5 7.005734694364781E-5 -7.095518471214601E-4 2.2573895139122504E-4 -1.539774276199281E-6 2.290099638192819E-5 
0.12264986958573099 -1.1130551107221587E-4 -9.541103375303611E-4 6.96920017699442E-5 -5.772213432854621E-4 7.941311673665679E-5 -8.377813371566815E-4 3.703602579780403E-4 3.404383599932719E-4 -2.9140940040354367E-4 
0.334008113741218 2.290304757502754E-4 -8.989683679414117E-4 2.405487361605018E-4 1.006495336175951E-4 6.377484286369881E-5 -1.240024597147013E-5 -4.688214513999906E-6 1.3963814425335719E-5 -3.42318805044613E-4 
0.6535863502082395 -1.1564793324344895E-4 -8.954813725687879E-4 1.537297606536146E-4 1.1057123461921586E-4 2.2854219689025788E-4 -1.2960132519691196E-5 -1.7746956641532234E-4 1.2566870607147018E-4 -5.141067947747224E-4 
0.22957194189673386 -1.1533660233824785E-4 -0.0010443194104868393 2.376572537947328E-4 8.505466286029884E-5 2.4187642473694386E-4 -7.080176156580507E-4 3.574391612851671E-4 -1.7580571657574602E-4 -3.3310373463425925E-4 
0.10419080133916925 -1.7562851741375345E-5 -8.146919575109197E-4 5.9526014810091764E-5 -6.996038740493262E-4 3.018307162756023E-4 2.5804533110238503E-5 -1.8090814075356594E-4 1.28717175130987E-4 -4.971720812819454E-4 
0.5309518553113955 -1.0476777981436892E-4 -8.091101355329371E-4 -1.4057946197152104E-4 1.1540364951657988E-4 1.1759839863868804E-4 3.976725871276759E-6 -1.5140411538578578E-4 5.040838314824669E-6 -1.2107044725508126E-4 
0.0 -6.957249233607354E-5 -0.0010638393259895678 -1.1199168500250901E-4 -1.1331052711115676E-4 1.8683579679665385E-4 0.0028452231052136677 2.508994914511885E-4 8.389903031538013E-4 -1.9470904299509148E-4 
0.13807337942138986 -1.0697591891360151E-4 -8.2109815432671E-4 3.773004822382886E-6 -2.2765910818703836E-4 4.249159167487641E-4 -6.989254446456179E-4 -1.1742006251452887E-4 8.359000744486763E-4 -4.447907254548345E-5 
0.5700319997749913 -1.3827920300727716E-5 -0.0010425354028043095 2.357162363633327E-4 8.98238944145943E-5 6.480911552125694E-5 -5.590077848173687E-5 2.1664345830529844E-5 2.0508611641730618E-5 -1.0477338592655716E-4 
0.5819714694856879 2.4472425558585655E-4 -0.0010474935032696007 5.372271300430218E-5 1.9123242303412078E-4 7.521637552229895E-5 -4.1676536800136683E-4 -1.4656603737132957E-4 3.5090219359717122E-6 3.7182980365648875E-5 
0.7713194318174736 -1.9147363791156946E-5 -0.0011010095233741886 -0.0012295750797699143 8.048988141018278E-5 1.6003190846047992E-5 -1.9906144845585432E-5 8.925816300254788E-5 -3.5622197566677555E-6 -9.453845404080397E-5 
