0.000000 1.000000 
0.001111 0.998889 
0.002222 0.997778 
0.003333 0.996667 
0.004444 0.995556 
0.005556 0.994444 
0.006667 0.993333 
0.007778 0.992222 
0.008889 0.991111 
0.010000 0.990000 
0.011111 0.988889 
0.012222 0.987778 
0.013333 0.986667 
0.014444 0.985556 
0.015556 0.984444 
0.016667 0.983333 
0.017778 0.982222 
0.018889 0.981111 
0.020000 0.980000 
0.021111 0.978889 
0.022222 0.977778 
0.023333 0.976667 
0.024444 0.975556 
0.025556 0.974444 
0.026667 0.973333 
0.027778 0.972222 
0.028889 0.971111 
0.030000 0.970000 
0.031111 0.968889 
0.032222 0.967778 
0.033333 0.966667 
0.034444 0.965556 
0.035556 0.964444 
0.036667 0.963333 
0.037778 0.962222 
0.038889 0.961111 
0.040000 0.960000 
0.041111 0.958889 
0.042222 0.957778 
0.043333 0.956667 
0.044444 0.955556 
0.045556 0.954444 
0.046667 0.953333 
0.047778 0.952222 
0.048889 0.951111 
0.050000 0.950000 
0.051111 0.948889 
0.052222 0.947778 
0.053333 0.946667 
0.054444 0.945556 
0.055556 0.944444 
0.056667 0.943333 
0.057778 0.942222 
0.058889 0.941111 
0.060000 0.940000 
0.061111 0.938889 
0.062222 0.937778 
0.063333 0.936667 
0.064444 0.935556 
0.065556 0.934444 
0.066667 0.933333 
0.067778 0.932222 
0.068889 0.931111 
0.070000 0.930000 
0.071111 0.928889 
0.072222 0.927778 
0.073333 0.926667 
0.074444 0.925556 
0.075556 0.924444 
0.076667 0.923333 
0.077778 0.922222 
0.078889 0.921111 
0.080000 0.920000 
0.081111 0.918889 
0.082222 0.917778 
0.083333 0.916667 
0.084444 0.915556 
0.085556 0.914444 
0.086667 0.913333 
0.087778 0.912222 
0.088889 0.911111 
0.090000 0.910000 
0.091111 0.908889 
0.092222 0.907778 
0.093333 0.906667 
0.094444 0.905556 
0.095556 0.904444 
0.096667 0.903333 
0.097778 0.902222 
0.098889 0.901111 
0.100000 0.900000 
0.101111 0.898889 
0.102222 0.897778 
0.103333 0.896667 
0.104444 0.895556 
0.105556 0.894444 
0.106667 0.893333 
0.107778 0.892222 
0.108889 0.891111 
0.110000 0.890000 
0.111111 0.888889 
0.112222 0.887778 
0.113333 0.886667 
0.114444 0.885556 
0.115556 0.884444 
0.116667 0.883333 
0.117778 0.882222 
0.118889 0.881111 
0.120000 0.880000 
0.121111 0.878889 
0.122222 0.877778 
0.123333 0.876667 
0.124444 0.875556 
0.125556 0.874444 
0.126667 0.873333 
0.127778 0.872222 
0.128889 0.871111 
0.130000 0.870000 
0.131111 0.868889 
0.132222 0.867778 
0.133333 0.866667 
0.134444 0.865556 
0.135556 0.864444 
0.136667 0.863333 
0.137778 0.862222 
0.138889 0.861111 
0.140000 0.860000 
0.141111 0.858889 
0.142222 0.857778 
0.143333 0.856667 
0.144444 0.855556 
0.145556 0.854444 
0.146667 0.853333 
0.147778 0.852222 
0.148889 0.851111 
0.150000 0.850000 
0.151111 0.848889 
0.152222 0.847778 
0.153333 0.846667 
0.154444 0.845556 
0.155556 0.844444 
0.156667 0.843333 
0.157778 0.842222 
0.158889 0.841111 
0.160000 0.840000 
0.161111 0.838889 
0.162222 0.837778 
0.163333 0.836667 
0.164444 0.835556 
0.165556 0.834444 
0.166667 0.833333 
0.167778 0.832222 
0.168889 0.831111 
0.170000 0.830000 
0.171111 0.828889 
0.172222 0.827778 
0.173333 0.826667 
0.174444 0.825556 
0.175556 0.824444 
0.176667 0.823333 
0.177778 0.822222 
0.178889 0.821111 
0.180000 0.820000 
0.181111 0.818889 
0.182222 0.817778 
0.183333 0.816667 
0.184444 0.815556 
0.185556 0.814444 
0.186667 0.813333 
0.187778 0.812222 
0.188889 0.811111 
0.190000 0.810000 
0.191111 0.808889 
0.192222 0.807778 
0.193333 0.806667 
0.194444 0.805556 
0.195556 0.804444 
0.196667 0.803333 
0.197778 0.802222 
0.198889 0.801111 
0.200000 0.800000 
0.201111 0.798889 
0.202222 0.797778 
0.203333 0.796667 
0.204444 0.795556 
0.205556 0.794444 
0.206667 0.793333 
0.207778 0.792222 
0.208889 0.791111 
0.210000 0.790000 
0.211111 0.788889 
0.212222 0.787778 
0.213333 0.786667 
0.214444 0.785556 
0.215556 0.784444 
0.216667 0.783333 
0.217778 0.782222 
0.218889 0.781111 
0.220000 0.780000 
0.221111 0.778889 
0.222222 0.777778 
0.223333 0.776667 
0.224444 0.775556 
0.225556 0.774444 
0.226667 0.773333 
0.227778 0.772222 
0.228889 0.771111 
0.230000 0.770000 
0.231111 0.768889 
0.232222 0.767778 
0.233333 0.766667 
0.234444 0.765556 
0.235556 0.764444 
0.236667 0.763333 
0.237778 0.762222 
0.238889 0.761111 
0.240000 0.760000 
0.241111 0.758889 
0.242222 0.757778 
0.243333 0.756667 
0.244444 0.755556 
0.245556 0.754444 
0.246667 0.753333 
0.247778 0.752222 
0.248889 0.751111 
0.250000 0.750000 
0.251111 0.748889 
0.252222 0.747778 
0.253333 0.746667 
0.254444 0.745556 
0.255556 0.744444 
0.256667 0.743333 
0.257778 0.742222 
0.258889 0.741111 
0.260000 0.740000 
0.261111 0.738889 
0.262222 0.737778 
0.263333 0.736667 
0.264444 0.735556 
0.265556 0.734444 
0.266667 0.733333 
0.267778 0.732222 
0.268889 0.731111 
0.270000 0.730000 
0.271111 0.728889 
0.272222 0.727778 
0.273333 0.726667 
0.274444 0.725556 
0.275556 0.724444 
0.276667 0.723333 
0.277778 0.722222 
0.278889 0.721111 
0.280000 0.720000 
0.281111 0.718889 
0.282222 0.717778 
0.283333 0.716667 
0.284444 0.715556 
0.285556 0.714444 
0.286667 0.713333 
0.287778 0.712222 
0.288889 0.711111 
0.290000 0.710000 
0.291111 0.708889 
0.292222 0.707778 
0.293333 0.706667 
0.294444 0.705556 
0.295556 0.704444 
0.296667 0.703333 
0.297778 0.702222 
0.298889 0.701111 
0.300000 0.700000 
0.301111 0.698889 
0.302222 0.697778 
0.303333 0.696667 
0.304444 0.695556 
0.305556 0.694444 
0.306667 0.693333 
0.307778 0.692222 
0.308889 0.691111 
0.310000 0.690000 
0.311111 0.688889 
0.312222 0.687778 
0.313333 0.686667 
0.314444 0.685556 
0.315556 0.684444 
0.316667 0.683333 
0.317778 0.682222 
0.318889 0.681111 
0.320000 0.680000 
0.321111 0.678889 
0.322222 0.677778 
0.323333 0.676667 
0.324444 0.675556 
0.325556 0.674444 
0.326667 0.673333 
0.327778 0.672222 
0.328889 0.671111 
0.330000 0.670000 
0.331111 0.668889 
0.332222 0.667778 
0.333333 0.666667 
0.334444 0.665556 
0.335556 0.664444 
0.336667 0.663333 
0.337778 0.662222 
0.338889 0.661111 
0.340000 0.660000 
0.341111 0.658889 
0.342222 0.657778 
0.343333 0.656667 
0.344444 0.655556 
0.345556 0.654444 
0.346667 0.653333 
0.347778 0.652222 
0.348889 0.651111 
0.350000 0.650000 
0.351111 0.648889 
0.352222 0.647778 
0.353333 0.646667 
0.354444 0.645556 
0.355556 0.644444 
0.356667 0.643333 
0.357778 0.642222 
0.358889 0.641111 
0.360000 0.640000 
0.361111 0.638889 
0.362222 0.637778 
0.363333 0.636667 
0.364444 0.635556 
0.365556 0.634444 
0.366667 0.633333 
0.367778 0.632222 
0.368889 0.631111 
0.370000 0.630000 
0.371111 0.628889 
0.372222 0.627778 
0.373333 0.626667 
0.374444 0.625556 
0.375556 0.624444 
0.376667 0.623333 
0.377778 0.622222 
0.378889 0.621111 
0.380000 0.620000 
0.381111 0.618889 
0.382222 0.617778 
0.383333 0.616667 
0.384444 0.615556 
0.385556 0.614444 
0.386667 0.613333 
0.387778 0.612222 
0.388889 0.611111 
0.390000 0.610000 
0.391111 0.608889 
0.392222 0.607778 
0.393333 0.606667 
0.394444 0.605556 
0.395556 0.604444 
0.396667 0.603333 
0.397778 0.602222 
0.398889 0.601111 
0.400000 0.600000 
0.401111 0.598889 
0.402222 0.597778 
0.403333 0.596667 
0.404444 0.595556 
0.405556 0.594444 
0.406667 0.593333 
0.407778 0.592222 
0.408889 0.591111 
0.410000 0.590000 
0.411111 0.588889 
0.412222 0.587778 
0.413333 0.586667 
0.414444 0.585556 
0.415556 0.584444 
0.416667 0.583333 
0.417778 0.582222 
0.418889 0.581111 
0.420000 0.580000 
0.421111 0.578889 
0.422222 0.577778 
0.423333 0.576667 
0.424444 0.575556 
0.425556 0.574444 
0.426667 0.573333 
0.427778 0.572222 
0.428889 0.571111 
0.430000 0.570000 
0.431111 0.568889 
0.432222 0.567778 
0.433333 0.566667 
0.434444 0.565556 
0.435556 0.564444 
0.436667 0.563333 
0.437778 0.562222 
0.438889 0.561111 
0.440000 0.560000 
0.441111 0.558889 
0.442222 0.557778 
0.443333 0.556667 
0.444444 0.555556 
0.445556 0.554444 
0.446667 0.553333 
0.447778 0.552222 
0.448889 0.551111 
0.450000 0.550000 
0.451111 0.548889 
0.452222 0.547778 
0.453333 0.546667 
0.454444 0.545556 
0.455556 0.544444 
0.456667 0.543333 
0.457778 0.542222 
0.458889 0.541111 
0.460000 0.540000 
0.461111 0.538889 
0.462222 0.537778 
0.463333 0.536667 
0.464444 0.535556 
0.465556 0.534444 
0.466667 0.533333 
0.467778 0.532222 
0.468889 0.531111 
0.470000 0.530000 
0.471111 0.528889 
0.472222 0.527778 
0.473333 0.526667 
0.474444 0.525556 
0.475556 0.524444 
0.476667 0.523333 
0.477778 0.522222 
0.478889 0.521111 
0.480000 0.520000 
0.481111 0.518889 
0.482222 0.517778 
0.483333 0.516667 
0.484444 0.515556 
0.485556 0.514444 
0.486667 0.513333 
0.487778 0.512222 
0.488889 0.511111 
0.490000 0.510000 
0.491111 0.508889 
0.492222 0.507778 
0.493333 0.506667 
0.494444 0.505556 
0.495556 0.504444 
0.496667 0.503333 
0.497778 0.502222 
0.498889 0.501111 
0.500000 0.500000 
0.501111 0.498889 
0.502222 0.497778 
0.503333 0.496667 
0.504444 0.495556 
0.505556 0.494444 
0.506667 0.493333 
0.507778 0.492222 
0.508889 0.491111 
0.510000 0.490000 
0.511111 0.488889 
0.512222 0.487778 
0.513333 0.486667 
0.514444 0.485556 
0.515556 0.484444 
0.516667 0.483333 
0.517778 0.482222 
0.518889 0.481111 
0.520000 0.480000 
0.521111 0.478889 
0.522222 0.477778 
0.523333 0.476667 
0.524444 0.475556 
0.525556 0.474444 
0.526667 0.473333 
0.527778 0.472222 
0.528889 0.471111 
0.530000 0.470000 
0.531111 0.468889 
0.532222 0.467778 
0.533333 0.466667 
0.534444 0.465556 
0.535556 0.464444 
0.536667 0.463333 
0.537778 0.462222 
0.538889 0.461111 
0.540000 0.460000 
0.541111 0.458889 
0.542222 0.457778 
0.543333 0.456667 
0.544444 0.455556 
0.545556 0.454444 
0.546667 0.453333 
0.547778 0.452222 
0.548889 0.451111 
0.550000 0.450000 
0.551111 0.448889 
0.552222 0.447778 
0.553333 0.446667 
0.554444 0.445556 
0.555556 0.444444 
0.556667 0.443333 
0.557778 0.442222 
0.558889 0.441111 
0.560000 0.440000 
0.561111 0.438889 
0.562222 0.437778 
0.563333 0.436667 
0.564444 0.435556 
0.565556 0.434444 
0.566667 0.433333 
0.567778 0.432222 
0.568889 0.431111 
0.570000 0.430000 
0.571111 0.428889 
0.572222 0.427778 
0.573333 0.426667 
0.574444 0.425556 
0.575556 0.424444 
0.576667 0.423333 
0.577778 0.422222 
0.578889 0.421111 
0.580000 0.420000 
0.581111 0.418889 
0.582222 0.417778 
0.583333 0.416667 
0.584444 0.415556 
0.585556 0.414444 
0.586667 0.413333 
0.587778 0.412222 
0.588889 0.411111 
0.590000 0.410000 
0.591111 0.408889 
0.592222 0.407778 
0.593333 0.406667 
0.594444 0.405556 
0.595556 0.404444 
0.596667 0.403333 
0.597778 0.402222 
0.598889 0.401111 
0.600000 0.400000 
0.601111 0.398889 
0.602222 0.397778 
0.603333 0.396667 
0.604444 0.395556 
0.605556 0.394444 
0.606667 0.393333 
0.607778 0.392222 
0.608889 0.391111 
0.610000 0.390000 
0.611111 0.388889 
0.612222 0.387778 
0.613333 0.386667 
0.614444 0.385556 
0.615556 0.384444 
0.616667 0.383333 
0.617778 0.382222 
0.618889 0.381111 
0.620000 0.380000 
0.621111 0.378889 
0.622222 0.377778 
0.623333 0.376667 
0.624444 0.375556 
0.625556 0.374444 
0.626667 0.373333 
0.627778 0.372222 
0.628889 0.371111 
0.630000 0.370000 
0.631111 0.368889 
0.632222 0.367778 
0.633333 0.366667 
0.634444 0.365556 
0.635556 0.364444 
0.636667 0.363333 
0.637778 0.362222 
0.638889 0.361111 
0.640000 0.360000 
0.641111 0.358889 
0.642222 0.357778 
0.643333 0.356667 
0.644444 0.355556 
0.645556 0.354444 
0.646667 0.353333 
0.647778 0.352222 
0.648889 0.351111 
0.650000 0.350000 
0.651111 0.348889 
0.652222 0.347778 
0.653333 0.346667 
0.654444 0.345556 
0.655556 0.344444 
0.656667 0.343333 
0.657778 0.342222 
0.658889 0.341111 
0.660000 0.340000 
0.661111 0.338889 
0.662222 0.337778 
0.663333 0.336667 
0.664444 0.335556 
0.665556 0.334444 
0.666667 0.333333 
0.667778 0.332222 
0.668889 0.331111 
0.670000 0.330000 
0.671111 0.328889 
0.672222 0.327778 
0.673333 0.326667 
0.674444 0.325556 
0.675556 0.324444 
0.676667 0.323333 
0.677778 0.322222 
0.678889 0.321111 
0.680000 0.320000 
0.681111 0.318889 
0.682222 0.317778 
0.683333 0.316667 
0.684444 0.315556 
0.685556 0.314444 
0.686667 0.313333 
0.687778 0.312222 
0.688889 0.311111 
0.690000 0.310000 
0.691111 0.308889 
0.692222 0.307778 
0.693333 0.306667 
0.694444 0.305556 
0.695556 0.304444 
0.696667 0.303333 
0.697778 0.302222 
0.698889 0.301111 
0.700000 0.300000 
0.701111 0.298889 
0.702222 0.297778 
0.703333 0.296667 
0.704444 0.295556 
0.705556 0.294444 
0.706667 0.293333 
0.707778 0.292222 
0.708889 0.291111 
0.710000 0.290000 
0.711111 0.288889 
0.712222 0.287778 
0.713333 0.286667 
0.714444 0.285556 
0.715556 0.284444 
0.716667 0.283333 
0.717778 0.282222 
0.718889 0.281111 
0.720000 0.280000 
0.721111 0.278889 
0.722222 0.277778 
0.723333 0.276667 
0.724444 0.275556 
0.725556 0.274444 
0.726667 0.273333 
0.727778 0.272222 
0.728889 0.271111 
0.730000 0.270000 
0.731111 0.268889 
0.732222 0.267778 
0.733333 0.266667 
0.734444 0.265556 
0.735556 0.264444 
0.736667 0.263333 
0.737778 0.262222 
0.738889 0.261111 
0.740000 0.260000 
0.741111 0.258889 
0.742222 0.257778 
0.743333 0.256667 
0.744444 0.255556 
0.745556 0.254444 
0.746667 0.253333 
0.747778 0.252222 
0.748889 0.251111 
0.750000 0.250000 
0.751111 0.248889 
0.752222 0.247778 
0.753333 0.246667 
0.754444 0.245556 
0.755556 0.244444 
0.756667 0.243333 
0.757778 0.242222 
0.758889 0.241111 
0.760000 0.240000 
0.761111 0.238889 
0.762222 0.237778 
0.763333 0.236667 
0.764444 0.235556 
0.765556 0.234444 
0.766667 0.233333 
0.767778 0.232222 
0.768889 0.231111 
0.770000 0.230000 
0.771111 0.228889 
0.772222 0.227778 
0.773333 0.226667 
0.774444 0.225556 
0.775556 0.224444 
0.776667 0.223333 
0.777778 0.222222 
0.778889 0.221111 
0.780000 0.220000 
0.781111 0.218889 
0.782222 0.217778 
0.783333 0.216667 
0.784444 0.215556 
0.785556 0.214444 
0.786667 0.213333 
0.787778 0.212222 
0.788889 0.211111 
0.790000 0.210000 
0.791111 0.208889 
0.792222 0.207778 
0.793333 0.206667 
0.794444 0.205556 
0.795556 0.204444 
0.796667 0.203333 
0.797778 0.202222 
0.798889 0.201111 
0.800000 0.200000 
0.801111 0.198889 
0.802222 0.197778 
0.803333 0.196667 
0.804444 0.195556 
0.805556 0.194444 
0.806667 0.193333 
0.807778 0.192222 
0.808889 0.191111 
0.810000 0.190000 
0.811111 0.188889 
0.812222 0.187778 
0.813333 0.186667 
0.814444 0.185556 
0.815556 0.184444 
0.816667 0.183333 
0.817778 0.182222 
0.818889 0.181111 
0.820000 0.180000 
0.821111 0.178889 
0.822222 0.177778 
0.823333 0.176667 
0.824444 0.175556 
0.825556 0.174444 
0.826667 0.173333 
0.827778 0.172222 
0.828889 0.171111 
0.831111 0.168889 
0.832222 0.167778 
0.833333 0.166667 
0.834444 0.165556 
0.835556 0.164444 
0.836667 0.163333 
0.837778 0.162222 
0.838889 0.161111 
0.840000 0.160000 
0.841111 0.158889 
0.842222 0.157778 
0.843333 0.156667 
0.844444 0.155556 
0.845556 0.154444 
0.846667 0.153333 
0.847778 0.152222 
0.848889 0.151111 
0.850000 0.150000 
0.851111 0.148889 
0.852222 0.147778 
0.853333 0.146667 
0.854444 0.145556 
0.855556 0.144444 
0.856667 0.143333 
0.857778 0.142222 
0.858889 0.141111 
0.860000 0.140000 
0.861111 0.138889 
0.862222 0.137778 
0.863333 0.136667 
0.864444 0.135556 
0.865556 0.134444 
0.866667 0.133333 
0.867778 0.132222 
0.868889 0.131111 
0.870000 0.130000 
0.871111 0.128889 
0.872222 0.127778 
0.873333 0.126667 
0.874444 0.125556 
0.875556 0.124444 
0.876667 0.123333 
0.877778 0.122222 
0.878889 0.121111 
0.880000 0.120000 
0.881111 0.118889 
0.882222 0.117778 
0.883333 0.116667 
0.884444 0.115556 
0.885556 0.114444 
0.886667 0.113333 
0.887778 0.112222 
0.888889 0.111111 
0.890000 0.110000 
0.891111 0.108889 
0.892222 0.107778 
0.893333 0.106667 
0.894444 0.105556 
0.895556 0.104444 
0.896667 0.103333 
0.897778 0.102222 
0.898889 0.101111 
0.900000 0.100000 
0.901111 0.098889 
0.902222 0.097778 
0.903333 0.096667 
0.904444 0.095556 
0.905556 0.094444 
0.906667 0.093333 
0.907778 0.092222 
0.908889 0.091111 
0.910000 0.090000 
0.911111 0.088889 
0.912222 0.087778 
0.913333 0.086667 
0.914444 0.085556 
0.915556 0.084444 
0.916667 0.083333 
0.917778 0.082222 
0.918889 0.081111 
0.920000 0.080000 
0.921111 0.078889 
0.922222 0.077778 
0.923333 0.076667 
0.924444 0.075556 
0.925556 0.074444 
0.926667 0.073333 
0.927778 0.072222 
0.928889 0.071111 
0.930000 0.070000 
0.931111 0.068889 
0.932222 0.067778 
0.933333 0.066667 
0.934444 0.065556 
0.935556 0.064444 
0.936667 0.063333 
0.937778 0.062222 
0.938889 0.061111 
0.940000 0.060000 
0.941111 0.058889 
0.942222 0.057778 
0.943333 0.056667 
0.944444 0.055556 
0.945556 0.054444 
0.946667 0.053333 
0.947778 0.052222 
0.948889 0.051111 
0.950000 0.050000 
0.951111 0.048889 
0.952222 0.047778 
0.953333 0.046667 
0.954444 0.045556 
0.955556 0.044444 
0.956667 0.043333 
0.957778 0.042222 
0.958889 0.041111 
0.960000 0.040000 
0.961111 0.038889 
0.962222 0.037778 
0.963333 0.036667 
0.964444 0.035556 
0.965556 0.034444 
0.966667 0.033333 
0.967778 0.032222 
0.968889 0.031111 
0.970000 0.030000 
0.971111 0.028889 
0.972222 0.027778 
0.973333 0.026667 
0.974444 0.025556 
0.975556 0.024444 
0.976667 0.023333 
0.977778 0.022222 
0.978889 0.021111 
0.980000 0.020000 
0.981111 0.018889 
0.982222 0.017778 
0.983333 0.016667 
0.984444 0.015556 
0.985556 0.014444 
0.986667 0.013333 
0.987778 0.012222 
0.988889 0.011111 
0.990000 0.010000 
0.991111 0.008889 
0.992222 0.007778 
0.993333 0.006667 
0.994444 0.005556 
0.995556 0.004444 
0.996667 0.003333 
0.997778 0.002222 
0.998889 0.001111 
1.000000 0.000000 
